solid 
 facet normal -1.000000e+00  0.000000e+00  0.000000e+00
   outer loop
     vertex -5.507936e-01  4.114639e-01 -1.587302e-02
     vertex -5.507936e-01 -5.507936e-01 -1.587302e-02
     vertex -5.507936e-01 -5.507936e-01  9.841270e-01
   endloop
 endfacet
 facet normal -1.000000e+00  0.000000e+00  0.000000e+00
   outer loop
     vertex -5.507936e-01  4.114639e-01 -1.587302e-02
     vertex -5.507936e-01 -5.507936e-01  9.841270e-01
     vertex -5.507936e-01  4.114639e-01  9.841270e-01
   endloop
 endfacet
 facet normal  0.000000e+00 -1.000000e+00  0.000000e+00
   outer loop
     vertex -5.507936e-01 -5.507936e-01 -1.587302e-02
     vertex  4.114639e-01 -5.507936e-01 -1.587302e-02
     vertex  4.114639e-01 -5.507936e-01  9.841270e-01
   endloop
 endfacet
 facet normal  0.000000e+00 -1.000000e+00  0.000000e+00
   outer loop
     vertex -5.507936e-01 -5.507936e-01 -1.587302e-02
     vertex  4.114639e-01 -5.507936e-01  9.841270e-01
     vertex -5.507936e-01 -5.507936e-01  9.841270e-01
   endloop
 endfacet
 facet normal  0.000000e+00  1.000000e+00  0.000000e+00
   outer loop
     vertex  4.114639e-01  4.114639e-01 -1.587302e-02
     vertex -5.507936e-01  4.114639e-01 -1.587302e-02
     vertex -5.507936e-01  4.114639e-01  9.841270e-01
   endloop
 endfacet
 facet normal  0.000000e+00  1.000000e+00 -0.000000e+00
   outer loop
     vertex  4.114639e-01  4.114639e-01 -1.587302e-02
     vertex -5.507936e-01  4.114639e-01  9.841270e-01
     vertex  4.114639e-01  4.114639e-01  9.841270e-01
   endloop
 endfacet
 facet normal -1.000000e+00 -0.000000e+00  0.000000e+00
   outer loop
     vertex -5.507936e-01  4.114639e-01 -1.587302e-02
     vertex -5.507936e-01 -5.507936e-01 -3.174603e-02
     vertex -5.507936e-01 -5.507936e-01 -1.587302e-02
   endloop
 endfacet
 facet normal -1.000000e+00  0.000000e+00 -0.000000e+00
   outer loop
     vertex -5.507936e-01  4.114639e-01 -1.587302e-02
     vertex -5.507936e-01  4.114639e-01 -3.174603e-02
     vertex -5.507936e-01 -5.507936e-01 -3.174603e-02
   endloop
 endfacet
 facet normal  0.000000e+00  0.000000e+00  1.000000e+00
   outer loop
     vertex  4.114639e-01  4.114639e-01  9.841270e-01
     vertex -5.507936e-01 -5.507936e-01  9.841270e-01
     vertex  4.114639e-01 -5.507936e-01  9.841270e-01
   endloop
 endfacet
 facet normal  0.000000e+00  0.000000e+00  1.000000e+00
   outer loop
     vertex  4.114639e-01  4.114639e-01  9.841270e-01
     vertex -5.507936e-01  4.114639e-01  9.841270e-01
     vertex -5.507936e-01 -5.507936e-01  9.841270e-01
   endloop
 endfacet
 facet normal  1.000000e+00  0.000000e+00  0.000000e+00
   outer loop
     vertex  4.114639e-01 -5.507936e-01 -1.587302e-02
     vertex  4.114639e-01  4.114639e-01 -1.587302e-02
     vertex  4.114639e-01  4.114639e-01  9.841270e-01
   endloop
 endfacet
 facet normal  1.000000e+00  0.000000e+00  0.000000e+00
   outer loop
     vertex  4.114639e-01 -5.507936e-01 -1.587302e-02
     vertex  4.114639e-01  4.114639e-01  9.841270e-01
     vertex  4.114639e-01 -5.507936e-01  9.841270e-01
   endloop
 endfacet
 facet normal  0.000000e+00 -1.000000e+00  0.000000e+00
   outer loop
     vertex -5.507936e-01 -5.507936e-01 -1.587302e-02
     vertex  4.114639e-01 -5.507936e-01 -3.174603e-02
     vertex  4.114639e-01 -5.507936e-01 -1.587302e-02
   endloop
 endfacet
 facet normal  0.000000e+00 -1.000000e+00  0.000000e+00
   outer loop
     vertex -5.507936e-01 -5.507936e-01 -1.587302e-02
     vertex -5.507936e-01 -5.507936e-01 -3.174603e-02
     vertex  4.114639e-01 -5.507936e-01 -3.174603e-02
   endloop
 endfacet
 facet normal  0.000000e+00  1.000000e+00  0.000000e+00
   outer loop
     vertex  4.114639e-01  4.114639e-01 -1.587302e-02
     vertex -5.507936e-01  4.114639e-01 -3.174603e-02
     vertex -5.507936e-01  4.114639e-01 -1.587302e-02
   endloop
 endfacet
 facet normal  0.000000e+00  1.000000e+00  0.000000e+00
   outer loop
     vertex  4.114639e-01  4.114639e-01 -1.587302e-02
     vertex  4.114639e-01  4.114639e-01 -3.174603e-02
     vertex -5.507936e-01  4.114639e-01 -3.174603e-02
   endloop
 endfacet
 facet normal  3.019087e-17  3.442609e-17 -1.000000e+00
   outer loop
     vertex -2.057434e-01 -2.487172e-01 -3.174603e-02
     vertex -5.507936e-01 -5.507936e-01 -3.174603e-02
     vertex -2.286386e-01 -2.286386e-01 -3.174603e-02
   endloop
 endfacet
 facet normal  3.442609e-17  3.019087e-17 -1.000000e+00
   outer loop
     vertex -2.487172e-01 -2.057434e-01 -3.174603e-02
     vertex -2.286386e-01 -2.286386e-01 -3.174603e-02
     vertex -5.507936e-01 -5.507936e-01 -3.174603e-02
   endloop
 endfacet
 facet normal  2.611422e-17  3.908269e-17 -1.000000e+00
   outer loop
     vertex -1.804232e-01 -2.656355e-01 -3.174603e-02
     vertex -5.507936e-01 -5.507936e-01 -3.174603e-02
     vertex -2.057434e-01 -2.487172e-01 -3.174603e-02
   endloop
 endfacet
 facet normal  3.908269e-17  2.611422e-17 -1.000000e+00
   outer loop
     vertex -2.656355e-01 -1.804232e-01 -3.174603e-02
     vertex -2.487172e-01 -2.057434e-01 -3.174603e-02
     vertex -5.507936e-01 -5.507936e-01 -3.174603e-02
   endloop
 endfacet
 facet normal  2.194431e-17  4.449867e-17 -1.000000e+00
   outer loop
     vertex -1.531115e-01 -2.791042e-01 -3.174603e-02
     vertex -5.507936e-01 -5.507936e-01 -3.174603e-02
     vertex -1.804232e-01 -2.656355e-01 -3.174603e-02
   endloop
 endfacet
 facet normal  4.449867e-17  2.194431e-17 -1.000000e+00
   outer loop
     vertex -2.791042e-01 -1.531115e-01 -3.174603e-02
     vertex -2.656355e-01 -1.804232e-01 -3.174603e-02
     vertex -5.507936e-01 -5.507936e-01 -3.174603e-02
   endloop
 endfacet
 facet normal  1.737542e-17  5.118633e-17 -1.000000e+00
   outer loop
     vertex -1.242753e-01 -2.888928e-01 -3.174603e-02
     vertex -5.507936e-01 -5.507936e-01 -3.174603e-02
     vertex -1.531115e-01 -2.791042e-01 -3.174603e-02
   endloop
 endfacet
 facet normal  5.118633e-17  1.737542e-17 -1.000000e+00
   outer loop
     vertex -2.888928e-01 -1.242753e-01 -3.174603e-02
     vertex -2.791042e-01 -1.531115e-01 -3.174603e-02
     vertex -5.507936e-01 -5.507936e-01 -3.174603e-02
   endloop
 endfacet
 facet normal  1.194176e-17  6.003531e-17 -1.000000e+00
   outer loop
     vertex -9.440818e-02 -2.948337e-01 -3.174603e-02
     vertex -5.507936e-01 -5.507936e-01 -3.174603e-02
     vertex -1.242753e-01 -2.888928e-01 -3.174603e-02
   endloop
 endfacet
 facet normal  6.003531e-17  1.194176e-17 -1.000000e+00
   outer loop
     vertex -2.948337e-01 -9.440818e-02 -3.174603e-02
     vertex -2.888928e-01 -1.242753e-01 -3.174603e-02
     vertex -5.507936e-01 -5.507936e-01 -3.174603e-02
   endloop
 endfacet
 facet normal  4.772739e-18  7.281793e-17 -1.000000e+00
   outer loop
     vertex -6.402113e-02 -2.968254e-01 -3.174603e-02
     vertex -5.507936e-01 -5.507936e-01 -3.174603e-02
     vertex -9.440818e-02 -2.948337e-01 -3.174603e-02
   endloop
 endfacet
 facet normal  7.281793e-17  4.772739e-18 -1.000000e+00
   outer loop
     vertex -2.968254e-01 -6.402113e-02 -3.174603e-02
     vertex -2.948337e-01 -9.440818e-02 -3.174603e-02
     vertex -5.507936e-01 -5.507936e-01 -3.174603e-02
   endloop
 endfacet
 facet normal  3.964405e-17 -2.648931e-17 -1.000000e+00
   outer loop
     vertex -5.507936e-01  4.114639e-01 -3.174603e-02
     vertex -2.487172e-01  7.770111e-02 -3.174603e-02
     vertex -2.656355e-01  5.238099e-02 -3.174603e-02
   endloop
 endfacet
 facet normal  4.503453e-17 -2.220857e-17 -1.000000e+00
   outer loop
     vertex -5.507936e-01  4.114639e-01 -3.174603e-02
     vertex -2.656355e-01  5.238099e-02 -3.174603e-02
     vertex -2.791042e-01  2.506919e-02 -3.174603e-02
   endloop
 endfacet
 facet normal  5.167317e-17 -1.754068e-17 -1.000000e+00
   outer loop
     vertex -5.507936e-01  4.114639e-01 -3.174603e-02
     vertex -2.791042e-01  2.506919e-02 -3.174603e-02
     vertex -2.888928e-01 -3.766960e-03 -3.174603e-02
   endloop
 endfacet
 facet normal  6.042658e-17 -1.201959e-17 -1.000000e+00
   outer loop
     vertex -5.507936e-01  4.114639e-01 -3.174603e-02
     vertex -2.888928e-01 -3.766960e-03 -3.174603e-02
     vertex -2.948337e-01 -3.363408e-02 -3.174603e-02
   endloop
 endfacet
 facet normal  7.300686e-17 -4.785123e-18 -1.000000e+00
   outer loop
     vertex -5.507936e-01  4.114639e-01 -3.174603e-02
     vertex -2.948337e-01 -3.363408e-02 -3.174603e-02
     vertex -2.968254e-01 -6.402113e-02 -3.174603e-02
   endloop
 endfacet
 facet normal  8.196568e-17  0.000000e+00 -1.000000e+00
   outer loop
     vertex -5.507936e-01  4.114639e-01 -3.174603e-02
     vertex -2.968254e-01 -6.402113e-02 -3.174603e-02
     vertex -5.507936e-01 -5.507936e-01 -3.174603e-02
   endloop
 endfacet
 facet normal -4.785123e-18  7.300686e-17 -1.000000e+00
   outer loop
     vertex  4.114639e-01 -5.507936e-01 -3.174603e-02
     vertex -6.402113e-02 -2.968254e-01 -3.174603e-02
     vertex -3.363408e-02 -2.948337e-01 -3.174603e-02
   endloop
 endfacet
 facet normal -1.201959e-17  6.042658e-17 -1.000000e+00
   outer loop
     vertex  4.114639e-01 -5.507936e-01 -3.174603e-02
     vertex -3.363408e-02 -2.948337e-01 -3.174603e-02
     vertex -3.766960e-03 -2.888928e-01 -3.174603e-02
   endloop
 endfacet
 facet normal -1.754068e-17  5.167317e-17 -1.000000e+00
   outer loop
     vertex  4.114639e-01 -5.507936e-01 -3.174603e-02
     vertex -3.766960e-03 -2.888928e-01 -3.174603e-02
     vertex  2.506919e-02 -2.791042e-01 -3.174603e-02
   endloop
 endfacet
 facet normal -2.220857e-17  4.503453e-17 -1.000000e+00
   outer loop
     vertex  4.114639e-01 -5.507936e-01 -3.174603e-02
     vertex  2.506919e-02 -2.791042e-01 -3.174603e-02
     vertex  5.238099e-02 -2.656355e-01 -3.174603e-02
   endloop
 endfacet
 facet normal -2.648931e-17  3.964405e-17 -1.000000e+00
   outer loop
     vertex  4.114639e-01 -5.507936e-01 -3.174603e-02
     vertex  5.238099e-02 -2.656355e-01 -3.174603e-02
     vertex  7.770111e-02 -2.487172e-01 -3.174603e-02
   endloop
 endfacet
 facet normal  0.000000e+00  8.196568e-17 -1.000000e+00
   outer loop
     vertex  4.114639e-01 -5.507936e-01 -3.174603e-02
     vertex -5.507936e-01 -5.507936e-01 -3.174603e-02
     vertex -6.402113e-02 -2.968254e-01 -3.174603e-02
   endloop
 endfacet
 facet normal -3.069334e-17  3.499904e-17 -1.000000e+00
   outer loop
     vertex  1.005963e-01 -2.286386e-01 -3.174603e-02
     vertex  4.114639e-01 -5.507936e-01 -3.174603e-02
     vertex  7.770111e-02 -2.487172e-01 -3.174603e-02
   endloop
 endfacet
 facet normal  3.499904e-17 -3.069334e-17 -1.000000e+00
   outer loop
     vertex -2.286386e-01  1.005963e-01 -3.174603e-02
     vertex -2.487172e-01  7.770111e-02 -3.174603e-02
     vertex -5.507936e-01  4.114639e-01 -3.174603e-02
   endloop
 endfacet
 facet normal -3.508094e-17  3.076516e-17 -1.000000e+00
   outer loop
     vertex  1.206749e-01 -2.057434e-01 -3.174603e-02
     vertex  4.114639e-01 -5.507936e-01 -3.174603e-02
     vertex  1.005963e-01 -2.286386e-01 -3.174603e-02
   endloop
 endfacet
 facet normal  3.076516e-17 -3.508094e-17 -1.000000e+00
   outer loop
     vertex -2.057434e-01  1.206749e-01 -3.174603e-02
     vertex -2.286386e-01  1.005963e-01 -3.174603e-02
     vertex -5.507936e-01  4.114639e-01 -3.174603e-02
   endloop
 endfacet
 facet normal -3.992886e-17  2.667961e-17 -1.000000e+00
   outer loop
     vertex  1.375933e-01 -1.804232e-01 -3.174603e-02
     vertex  4.114639e-01 -5.507936e-01 -3.174603e-02
     vertex  1.206749e-01 -2.057434e-01 -3.174603e-02
   endloop
 endfacet
 facet normal  2.667961e-17 -3.992886e-17 -1.000000e+00
   outer loop
     vertex -1.804232e-01  1.375933e-01 -3.174603e-02
     vertex -2.057434e-01  1.206749e-01 -3.174603e-02
     vertex -5.507936e-01  4.114639e-01 -3.174603e-02
   endloop
 endfacet
 facet normal -4.559891e-17  2.248689e-17 -1.000000e+00
   outer loop
     vertex  1.510619e-01 -1.531115e-01 -3.174603e-02
     vertex  4.114639e-01 -5.507936e-01 -3.174603e-02
     vertex  1.375933e-01 -1.804232e-01 -3.174603e-02
   endloop
 endfacet
 facet normal  2.248689e-17 -4.559891e-17 -1.000000e+00
   outer loop
     vertex -1.531115e-01  1.510619e-01 -3.174603e-02
     vertex -1.804232e-01  1.375933e-01 -3.174603e-02
     vertex -5.507936e-01  4.114639e-01 -3.174603e-02
   endloop
 endfacet
 facet normal -5.264756e-17  1.787144e-17 -1.000000e+00
   outer loop
     vertex  1.608505e-01 -1.242753e-01 -3.174603e-02
     vertex  4.114639e-01 -5.507936e-01 -3.174603e-02
     vertex  1.510619e-01 -1.531115e-01 -3.174603e-02
   endloop
 endfacet
 facet normal  1.787144e-17 -5.264756e-17 -1.000000e+00
   outer loop
     vertex -1.242753e-01  1.608505e-01 -3.174603e-02
     vertex -1.531115e-01  1.510619e-01 -3.174603e-02
     vertex -5.507936e-01  4.114639e-01 -3.174603e-02
   endloop
 endfacet
 facet normal -6.205540e-17  1.234359e-17 -1.000000e+00
   outer loop
     vertex  1.667914e-01 -9.440818e-02 -3.174603e-02
     vertex  4.114639e-01 -5.507936e-01 -3.174603e-02
     vertex  1.608505e-01 -1.242753e-01 -3.174603e-02
   endloop
 endfacet
 facet normal  1.234359e-17 -6.205540e-17 -1.000000e+00
   outer loop
     vertex -9.440818e-02  1.667914e-01 -3.174603e-02
     vertex -1.242753e-01  1.608505e-01 -3.174603e-02
     vertex -5.507936e-01  4.114639e-01 -3.174603e-02
   endloop
 endfacet
 facet normal  4.968933e-18 -7.581127e-17 -1.000000e+00
   outer loop
     vertex -6.402113e-02  1.687831e-01 -3.174603e-02
     vertex -9.440818e-02  1.667914e-01 -3.174603e-02
     vertex -5.507936e-01  4.114639e-01 -3.174603e-02
   endloop
 endfacet
 facet normal -7.581127e-17  4.968933e-18 -1.000000e+00
   outer loop
     vertex  1.687831e-01 -6.402113e-02 -3.174603e-02
     vertex  4.114639e-01 -5.507936e-01 -3.174603e-02
     vertex  1.667914e-01 -9.440818e-02 -3.174603e-02
   endloop
 endfacet
 facet normal -7.601609e-17 -4.982358e-18 -1.000000e+00
   outer loop
     vertex  4.114639e-01  4.114639e-01 -3.174603e-02
     vertex  1.687831e-01 -6.402113e-02 -3.174603e-02
     vertex  1.667914e-01 -3.363408e-02 -3.174603e-02
   endloop
 endfacet
 facet normal -6.247354e-17 -1.242676e-17 -1.000000e+00
   outer loop
     vertex  4.114639e-01  4.114639e-01 -3.174603e-02
     vertex  1.667914e-01 -3.363408e-02 -3.174603e-02
     vertex  1.608505e-01 -3.766960e-03 -3.174603e-02
   endloop
 endfacet
 facet normal -5.316273e-17 -1.804632e-17 -1.000000e+00
   outer loop
     vertex  4.114639e-01  4.114639e-01 -3.174603e-02
     vertex  1.608505e-01 -3.766960e-03 -3.174603e-02
     vertex  1.510619e-01  2.506919e-02 -3.174603e-02
   endloop
 endfacet
 facet normal -4.616176e-17 -2.276446e-17 -1.000000e+00
   outer loop
     vertex  4.114639e-01  4.114639e-01 -3.174603e-02
     vertex  1.510619e-01  2.506919e-02 -3.174603e-02
     vertex  1.375933e-01  5.238099e-02 -3.174603e-02
   endloop
 endfacet
 facet normal -4.051497e-17 -2.707124e-17 -1.000000e+00
   outer loop
     vertex  4.114639e-01  4.114639e-01 -3.174603e-02
     vertex  1.375933e-01  5.238099e-02 -3.174603e-02
     vertex  1.206749e-01  7.770111e-02 -3.174603e-02
   endloop
 endfacet
 facet normal -3.567609e-17 -3.128709e-17 -1.000000e+00
   outer loop
     vertex  4.114639e-01  4.114639e-01 -3.174603e-02
     vertex  1.206749e-01  7.770111e-02 -3.174603e-02
     vertex  1.005963e-01  1.005963e-01 -3.174603e-02
   endloop
 endfacet
 facet normal -3.128709e-17 -3.567609e-17 -1.000000e+00
   outer loop
     vertex  4.114639e-01  4.114639e-01 -3.174603e-02
     vertex  1.005963e-01  1.005963e-01 -3.174603e-02
     vertex  7.770111e-02  1.206749e-01 -3.174603e-02
   endloop
 endfacet
 facet normal -2.707124e-17 -4.051497e-17 -1.000000e+00
   outer loop
     vertex  4.114639e-01  4.114639e-01 -3.174603e-02
     vertex  7.770111e-02  1.206749e-01 -3.174603e-02
     vertex  5.238099e-02  1.375933e-01 -3.174603e-02
   endloop
 endfacet
 facet normal -2.276446e-17 -4.616176e-17 -1.000000e+00
   outer loop
     vertex  4.114639e-01  4.114639e-01 -3.174603e-02
     vertex  5.238099e-02  1.375933e-01 -3.174603e-02
     vertex  2.506919e-02  1.510619e-01 -3.174603e-02
   endloop
 endfacet
 facet normal -1.804632e-17 -5.316273e-17 -1.000000e+00
   outer loop
     vertex  4.114639e-01  4.114639e-01 -3.174603e-02
     vertex  2.506919e-02  1.510619e-01 -3.174603e-02
     vertex -3.766960e-03  1.608505e-01 -3.174603e-02
   endloop
 endfacet
 facet normal -1.242676e-17 -6.247354e-17 -1.000000e+00
   outer loop
     vertex  4.114639e-01  4.114639e-01 -3.174603e-02
     vertex -3.766960e-03  1.608505e-01 -3.174603e-02
     vertex -3.363408e-02  1.667914e-01 -3.174603e-02
   endloop
 endfacet
 facet normal -4.982358e-18 -7.601609e-17 -1.000000e+00
   outer loop
     vertex  4.114639e-01  4.114639e-01 -3.174603e-02
     vertex -3.363408e-02  1.667914e-01 -3.174603e-02
     vertex -6.402113e-02  1.687831e-01 -3.174603e-02
   endloop
 endfacet
 facet normal -8.577803e-17 -0.000000e+00 -1.000000e+00
   outer loop
     vertex  4.114639e-01  4.114639e-01 -3.174603e-02
     vertex  4.114639e-01 -5.507936e-01 -3.174603e-02
     vertex  1.687831e-01 -6.402113e-02 -3.174603e-02
   endloop
 endfacet
 facet normal -0.000000e+00 -8.577803e-17 -1.000000e+00
   outer loop
     vertex  4.114639e-01  4.114639e-01 -3.174603e-02
     vertex -6.402113e-02  1.687831e-01 -3.174603e-02
     vertex -5.507936e-01  4.114639e-01 -3.174603e-02
   endloop
 endfacet
 facet normal  1.000000e+00 -0.000000e+00  0.000000e+00
   outer loop
     vertex  4.114639e-01 -5.507936e-01 -1.587302e-02
     vertex  4.114639e-01  4.114639e-01 -3.174603e-02
     vertex  4.114639e-01  4.114639e-01 -1.587302e-02
   endloop
 endfacet
 facet normal  1.000000e+00  0.000000e+00  0.000000e+00
   outer loop
     vertex  4.114639e-01 -5.507936e-01 -1.587302e-02
     vertex  4.114639e-01 -5.507936e-01 -3.174603e-02
     vertex  4.114639e-01  4.114639e-01 -3.174603e-02
   endloop
 endfacet
 facet normal -9.978589e-01 -6.540313e-02  0.000000e+00
   outer loop
     vertex  1.667914e-01 -3.363408e-02  9.523810e-01
     vertex  1.687831e-01 -6.402113e-02 -3.174603e-02
     vertex  1.687831e-01 -6.402113e-02  9.523810e-01
   endloop
 endfacet
 facet normal -9.978589e-01 -6.540313e-02 -0.000000e+00
   outer loop
     vertex  1.667914e-01 -3.363408e-02  9.523810e-01
     vertex  1.667914e-01 -3.363408e-02 -3.174603e-02
     vertex  1.687831e-01 -6.402113e-02 -3.174603e-02
   endloop
 endfacet
 facet normal -9.807853e-01 -1.950903e-01  0.000000e+00
   outer loop
     vertex  1.608505e-01 -3.766960e-03  9.523810e-01
     vertex  1.667914e-01 -3.363408e-02 -3.174603e-02
     vertex  1.667914e-01 -3.363408e-02  9.523810e-01
   endloop
 endfacet
 facet normal -9.807853e-01 -1.950903e-01 -0.000000e+00
   outer loop
     vertex  1.608505e-01 -3.766960e-03  9.523810e-01
     vertex  1.608505e-01 -3.766960e-03 -3.174603e-02
     vertex  1.667914e-01 -3.363408e-02 -3.174603e-02
   endloop
 endfacet
 facet normal -9.469301e-01 -3.214395e-01  0.000000e+00
   outer loop
     vertex  1.510619e-01  2.506919e-02  9.523810e-01
     vertex  1.608505e-01 -3.766960e-03 -3.174603e-02
     vertex  1.608505e-01 -3.766960e-03  9.523810e-01
   endloop
 endfacet
 facet normal -9.469301e-01 -3.214395e-01 -0.000000e+00
   outer loop
     vertex  1.510619e-01  2.506919e-02  9.523810e-01
     vertex  1.510619e-01  2.506919e-02 -3.174603e-02
     vertex  1.608505e-01 -3.766960e-03 -3.174603e-02
   endloop
 endfacet
 facet normal -8.968727e-01 -4.422887e-01  0.000000e+00
   outer loop
     vertex  1.375933e-01  5.238099e-02  9.523810e-01
     vertex  1.510619e-01  2.506919e-02 -3.174603e-02
     vertex  1.510619e-01  2.506919e-02  9.523810e-01
   endloop
 endfacet
 facet normal -8.968727e-01 -4.422887e-01 -0.000000e+00
   outer loop
     vertex  1.375933e-01  5.238099e-02  9.523810e-01
     vertex  1.375933e-01  5.238099e-02 -3.174603e-02
     vertex  1.510619e-01  2.506919e-02 -3.174603e-02
   endloop
 endfacet
 facet normal -8.314696e-01 -5.555702e-01  0.000000e+00
   outer loop
     vertex  1.206749e-01  7.770111e-02  9.523810e-01
     vertex  1.375933e-01  5.238099e-02 -3.174603e-02
     vertex  1.375933e-01  5.238099e-02  9.523810e-01
   endloop
 endfacet
 facet normal -8.314696e-01 -5.555702e-01 -0.000000e+00
   outer loop
     vertex  1.206749e-01  7.770111e-02  9.523810e-01
     vertex  1.206749e-01  7.770111e-02 -3.174603e-02
     vertex  1.375933e-01  5.238099e-02 -3.174603e-02
   endloop
 endfacet
 facet normal -7.518398e-01 -6.593458e-01  0.000000e+00
   outer loop
     vertex  1.005963e-01  1.005963e-01  9.523810e-01
     vertex  1.206749e-01  7.770111e-02 -3.174603e-02
     vertex  1.206749e-01  7.770111e-02  9.523810e-01
   endloop
 endfacet
 facet normal -7.518398e-01 -6.593458e-01 -0.000000e+00
   outer loop
     vertex  1.005963e-01  1.005963e-01  9.523810e-01
     vertex  1.005963e-01  1.005963e-01 -3.174603e-02
     vertex  1.206749e-01  7.770111e-02 -3.174603e-02
   endloop
 endfacet
 facet normal -6.593458e-01 -7.518398e-01  0.000000e+00
   outer loop
     vertex  7.770111e-02  1.206749e-01  9.523810e-01
     vertex  1.005963e-01  1.005963e-01 -3.174603e-02
     vertex  1.005963e-01  1.005963e-01  9.523810e-01
   endloop
 endfacet
 facet normal -6.593458e-01 -7.518398e-01 -0.000000e+00
   outer loop
     vertex  7.770111e-02  1.206749e-01  9.523810e-01
     vertex  7.770111e-02  1.206749e-01 -3.174603e-02
     vertex  1.005963e-01  1.005963e-01 -3.174603e-02
   endloop
 endfacet
 facet normal -5.555702e-01 -8.314696e-01  0.000000e+00
   outer loop
     vertex  5.238099e-02  1.375933e-01  9.523810e-01
     vertex  7.770111e-02  1.206749e-01 -3.174603e-02
     vertex  7.770111e-02  1.206749e-01  9.523810e-01
   endloop
 endfacet
 facet normal -5.555702e-01 -8.314696e-01 -0.000000e+00
   outer loop
     vertex  5.238099e-02  1.375933e-01  9.523810e-01
     vertex  5.238099e-02  1.375933e-01 -3.174603e-02
     vertex  7.770111e-02  1.206749e-01 -3.174603e-02
   endloop
 endfacet
 facet normal -4.422887e-01 -8.968727e-01  0.000000e+00
   outer loop
     vertex  2.506919e-02  1.510619e-01  9.523810e-01
     vertex  5.238099e-02  1.375933e-01 -3.174603e-02
     vertex  5.238099e-02  1.375933e-01  9.523810e-01
   endloop
 endfacet
 facet normal -4.422887e-01 -8.968727e-01 -0.000000e+00
   outer loop
     vertex  2.506919e-02  1.510619e-01  9.523810e-01
     vertex  2.506919e-02  1.510619e-01 -3.174603e-02
     vertex  5.238099e-02  1.375933e-01 -3.174603e-02
   endloop
 endfacet
 facet normal -3.214395e-01 -9.469301e-01 -0.000000e+00
   outer loop
     vertex  2.506919e-02  1.510619e-01  9.523810e-01
     vertex -3.766960e-03  1.608505e-01 -3.174603e-02
     vertex  2.506919e-02  1.510619e-01 -3.174603e-02
   endloop
 endfacet
 facet normal -3.214395e-01 -9.469301e-01 -0.000000e+00
   outer loop
     vertex -3.766960e-03  1.608505e-01  9.523810e-01
     vertex -3.766960e-03  1.608505e-01 -3.174603e-02
     vertex  2.506919e-02  1.510619e-01  9.523810e-01
   endloop
 endfacet
 facet normal -1.950903e-01 -9.807853e-01  0.000000e+00
   outer loop
     vertex -3.363408e-02  1.667914e-01  9.523810e-01
     vertex -3.766960e-03  1.608505e-01 -3.174603e-02
     vertex -3.766960e-03  1.608505e-01  9.523810e-01
   endloop
 endfacet
 facet normal -1.950903e-01 -9.807853e-01 -0.000000e+00
   outer loop
     vertex -3.363408e-02  1.667914e-01  9.523810e-01
     vertex -3.363408e-02  1.667914e-01 -3.174603e-02
     vertex -3.766960e-03  1.608505e-01 -3.174603e-02
   endloop
 endfacet
 facet normal -6.540313e-02 -9.978589e-01  0.000000e+00
   outer loop
     vertex -6.402113e-02  1.687831e-01  9.523810e-01
     vertex -3.363408e-02  1.667914e-01 -3.174603e-02
     vertex -3.363408e-02  1.667914e-01  9.523810e-01
   endloop
 endfacet
 facet normal -6.540313e-02 -9.978589e-01 -0.000000e+00
   outer loop
     vertex -6.402113e-02  1.687831e-01  9.523810e-01
     vertex -6.402113e-02  1.687831e-01 -3.174603e-02
     vertex -3.363408e-02  1.667914e-01 -3.174603e-02
   endloop
 endfacet
 facet normal  6.540313e-02 -9.978589e-01  0.000000e+00
   outer loop
     vertex -9.440818e-02  1.667914e-01  9.523810e-01
     vertex -6.402113e-02  1.687831e-01 -3.174603e-02
     vertex -6.402113e-02  1.687831e-01  9.523810e-01
   endloop
 endfacet
 facet normal  6.540313e-02 -9.978589e-01  0.000000e+00
   outer loop
     vertex -9.440818e-02  1.667914e-01  9.523810e-01
     vertex -9.440818e-02  1.667914e-01 -3.174603e-02
     vertex -6.402113e-02  1.687831e-01 -3.174603e-02
   endloop
 endfacet
 facet normal  1.950903e-01 -9.807853e-01  0.000000e+00
   outer loop
     vertex -9.440818e-02  1.667914e-01  9.523810e-01
     vertex -1.242753e-01  1.608505e-01 -3.174603e-02
     vertex -9.440818e-02  1.667914e-01 -3.174603e-02
   endloop
 endfacet
 facet normal  1.950903e-01 -9.807853e-01  0.000000e+00
   outer loop
     vertex -1.242753e-01  1.608505e-01  9.523810e-01
     vertex -1.242753e-01  1.608505e-01 -3.174603e-02
     vertex -9.440818e-02  1.667914e-01  9.523810e-01
   endloop
 endfacet
 facet normal  3.214395e-01 -9.469301e-01  0.000000e+00
   outer loop
     vertex -1.531115e-01  1.510619e-01  9.523810e-01
     vertex -1.242753e-01  1.608505e-01 -3.174603e-02
     vertex -1.242753e-01  1.608505e-01  9.523810e-01
   endloop
 endfacet
 facet normal  3.214395e-01 -9.469301e-01  0.000000e+00
   outer loop
     vertex -1.531115e-01  1.510619e-01  9.523810e-01
     vertex -1.531115e-01  1.510619e-01 -3.174603e-02
     vertex -1.242753e-01  1.608505e-01 -3.174603e-02
   endloop
 endfacet
 facet normal  4.422887e-01 -8.968727e-01  0.000000e+00
   outer loop
     vertex -1.804232e-01  1.375933e-01  9.523810e-01
     vertex -1.804232e-01  1.375933e-01 -3.174603e-02
     vertex -1.531115e-01  1.510619e-01 -3.174603e-02
   endloop
 endfacet
 facet normal  4.422887e-01 -8.968727e-01  0.000000e+00
   outer loop
     vertex -1.804232e-01  1.375933e-01  9.523810e-01
     vertex -1.531115e-01  1.510619e-01 -3.174603e-02
     vertex -1.531115e-01  1.510619e-01  9.523810e-01
   endloop
 endfacet
 facet normal  5.555702e-01 -8.314696e-01  0.000000e+00
   outer loop
     vertex -2.057434e-01  1.206749e-01  9.523810e-01
     vertex -2.057434e-01  1.206749e-01 -3.174603e-02
     vertex -1.804232e-01  1.375933e-01 -3.174603e-02
   endloop
 endfacet
 facet normal  5.555702e-01 -8.314696e-01  0.000000e+00
   outer loop
     vertex -2.057434e-01  1.206749e-01  9.523810e-01
     vertex -1.804232e-01  1.375933e-01 -3.174603e-02
     vertex -1.804232e-01  1.375933e-01  9.523810e-01
   endloop
 endfacet
 facet normal  6.593458e-01 -7.518398e-01  0.000000e+00
   outer loop
     vertex -2.286386e-01  1.005963e-01  9.523810e-01
     vertex -2.286386e-01  1.005963e-01 -3.174603e-02
     vertex -2.057434e-01  1.206749e-01 -3.174603e-02
   endloop
 endfacet
 facet normal  6.593458e-01 -7.518398e-01  0.000000e+00
   outer loop
     vertex -2.286386e-01  1.005963e-01  9.523810e-01
     vertex -2.057434e-01  1.206749e-01 -3.174603e-02
     vertex -2.057434e-01  1.206749e-01  9.523810e-01
   endloop
 endfacet
 facet normal  7.518398e-01 -6.593458e-01  0.000000e+00
   outer loop
     vertex -2.487172e-01  7.770111e-02  9.523810e-01
     vertex -2.487172e-01  7.770111e-02 -3.174603e-02
     vertex -2.286386e-01  1.005963e-01 -3.174603e-02
   endloop
 endfacet
 facet normal  7.518398e-01 -6.593458e-01  0.000000e+00
   outer loop
     vertex -2.487172e-01  7.770111e-02  9.523810e-01
     vertex -2.286386e-01  1.005963e-01 -3.174603e-02
     vertex -2.286386e-01  1.005963e-01  9.523810e-01
   endloop
 endfacet
 facet normal  8.314696e-01 -5.555702e-01  0.000000e+00
   outer loop
     vertex -2.656355e-01  5.238099e-02  9.523810e-01
     vertex -2.656355e-01  5.238099e-02 -3.174603e-02
     vertex -2.487172e-01  7.770111e-02 -3.174603e-02
   endloop
 endfacet
 facet normal  8.314696e-01 -5.555702e-01  0.000000e+00
   outer loop
     vertex -2.656355e-01  5.238099e-02  9.523810e-01
     vertex -2.487172e-01  7.770111e-02 -3.174603e-02
     vertex -2.487172e-01  7.770111e-02  9.523810e-01
   endloop
 endfacet
 facet normal  8.968727e-01 -4.422887e-01  0.000000e+00
   outer loop
     vertex -2.791042e-01  2.506919e-02  9.523810e-01
     vertex -2.791042e-01  2.506919e-02 -3.174603e-02
     vertex -2.656355e-01  5.238099e-02 -3.174603e-02
   endloop
 endfacet
 facet normal  8.968727e-01 -4.422887e-01  0.000000e+00
   outer loop
     vertex -2.791042e-01  2.506919e-02  9.523810e-01
     vertex -2.656355e-01  5.238099e-02 -3.174603e-02
     vertex -2.656355e-01  5.238099e-02  9.523810e-01
   endloop
 endfacet
 facet normal  9.469301e-01 -3.214395e-01  0.000000e+00
   outer loop
     vertex -2.888928e-01 -3.766960e-03  9.523810e-01
     vertex -2.888928e-01 -3.766960e-03 -3.174603e-02
     vertex -2.791042e-01  2.506919e-02 -3.174603e-02
   endloop
 endfacet
 facet normal  9.469301e-01 -3.214395e-01  0.000000e+00
   outer loop
     vertex -2.888928e-01 -3.766960e-03  9.523810e-01
     vertex -2.791042e-01  2.506919e-02 -3.174603e-02
     vertex -2.791042e-01  2.506919e-02  9.523810e-01
   endloop
 endfacet
 facet normal  9.807853e-01 -1.950903e-01  0.000000e+00
   outer loop
     vertex -2.948337e-01 -3.363408e-02  9.523810e-01
     vertex -2.948337e-01 -3.363408e-02 -3.174603e-02
     vertex -2.888928e-01 -3.766960e-03 -3.174603e-02
   endloop
 endfacet
 facet normal  9.807853e-01 -1.950903e-01  0.000000e+00
   outer loop
     vertex -2.948337e-01 -3.363408e-02  9.523810e-01
     vertex -2.888928e-01 -3.766960e-03 -3.174603e-02
     vertex -2.888928e-01 -3.766960e-03  9.523810e-01
   endloop
 endfacet
 facet normal  9.978589e-01 -6.540313e-02  0.000000e+00
   outer loop
     vertex -2.968254e-01 -6.402113e-02  9.523810e-01
     vertex -2.968254e-01 -6.402113e-02 -3.174603e-02
     vertex -2.948337e-01 -3.363408e-02 -3.174603e-02
   endloop
 endfacet
 facet normal  9.978589e-01 -6.540313e-02  0.000000e+00
   outer loop
     vertex -2.968254e-01 -6.402113e-02  9.523810e-01
     vertex -2.948337e-01 -3.363408e-02 -3.174603e-02
     vertex -2.948337e-01 -3.363408e-02  9.523810e-01
   endloop
 endfacet
 facet normal  9.978589e-01  6.540313e-02  0.000000e+00
   outer loop
     vertex -2.948337e-01 -9.440818e-02  9.523810e-01
     vertex -2.948337e-01 -9.440818e-02 -3.174603e-02
     vertex -2.968254e-01 -6.402113e-02 -3.174603e-02
   endloop
 endfacet
 facet normal  9.807853e-01  1.950903e-01  0.000000e+00
   outer loop
     vertex -2.948337e-01 -9.440818e-02  9.523810e-01
     vertex -2.888928e-01 -1.242753e-01 -3.174603e-02
     vertex -2.948337e-01 -9.440818e-02 -3.174603e-02
   endloop
 endfacet
 facet normal  9.978589e-01  6.540313e-02  0.000000e+00
   outer loop
     vertex -2.948337e-01 -9.440818e-02  9.523810e-01
     vertex -2.968254e-01 -6.402113e-02 -3.174603e-02
     vertex -2.968254e-01 -6.402113e-02  9.523810e-01
   endloop
 endfacet
 facet normal  9.807853e-01  1.950903e-01  0.000000e+00
   outer loop
     vertex -2.888928e-01 -1.242753e-01  9.523810e-01
     vertex -2.888928e-01 -1.242753e-01 -3.174603e-02
     vertex -2.948337e-01 -9.440818e-02  9.523810e-01
   endloop
 endfacet
 facet normal  9.469301e-01  3.214395e-01  0.000000e+00
   outer loop
     vertex -2.791042e-01 -1.531115e-01  9.523810e-01
     vertex -2.888928e-01 -1.242753e-01 -3.174603e-02
     vertex -2.888928e-01 -1.242753e-01  9.523810e-01
   endloop
 endfacet
 facet normal  9.469301e-01  3.214395e-01  0.000000e+00
   outer loop
     vertex -2.791042e-01 -1.531115e-01  9.523810e-01
     vertex -2.791042e-01 -1.531115e-01 -3.174603e-02
     vertex -2.888928e-01 -1.242753e-01 -3.174603e-02
   endloop
 endfacet
 facet normal  8.968727e-01  4.422887e-01  0.000000e+00
   outer loop
     vertex -2.656355e-01 -1.804232e-01  9.523810e-01
     vertex -2.791042e-01 -1.531115e-01 -3.174603e-02
     vertex -2.791042e-01 -1.531115e-01  9.523810e-01
   endloop
 endfacet
 facet normal  8.968727e-01  4.422887e-01  0.000000e+00
   outer loop
     vertex -2.656355e-01 -1.804232e-01  9.523810e-01
     vertex -2.656355e-01 -1.804232e-01 -3.174603e-02
     vertex -2.791042e-01 -1.531115e-01 -3.174603e-02
   endloop
 endfacet
 facet normal  8.314696e-01  5.555702e-01  0.000000e+00
   outer loop
     vertex -2.487172e-01 -2.057434e-01  9.523810e-01
     vertex -2.656355e-01 -1.804232e-01 -3.174603e-02
     vertex -2.656355e-01 -1.804232e-01  9.523810e-01
   endloop
 endfacet
 facet normal  8.314696e-01  5.555702e-01  0.000000e+00
   outer loop
     vertex -2.487172e-01 -2.057434e-01  9.523810e-01
     vertex -2.487172e-01 -2.057434e-01 -3.174603e-02
     vertex -2.656355e-01 -1.804232e-01 -3.174603e-02
   endloop
 endfacet
 facet normal  7.518398e-01  6.593458e-01  0.000000e+00
   outer loop
     vertex -2.487172e-01 -2.057434e-01  9.523810e-01
     vertex -2.286386e-01 -2.286386e-01 -3.174603e-02
     vertex -2.487172e-01 -2.057434e-01 -3.174603e-02
   endloop
 endfacet
 facet normal  7.518398e-01  6.593458e-01  0.000000e+00
   outer loop
     vertex -2.286386e-01 -2.286386e-01  9.523810e-01
     vertex -2.286386e-01 -2.286386e-01 -3.174603e-02
     vertex -2.487172e-01 -2.057434e-01  9.523810e-01
   endloop
 endfacet
 facet normal  6.593458e-01  7.518398e-01  0.000000e+00
   outer loop
     vertex -2.057434e-01 -2.487172e-01  9.523810e-01
     vertex -2.286386e-01 -2.286386e-01 -3.174603e-02
     vertex -2.286386e-01 -2.286386e-01  9.523810e-01
   endloop
 endfacet
 facet normal  6.593458e-01  7.518398e-01  0.000000e+00
   outer loop
     vertex -2.057434e-01 -2.487172e-01  9.523810e-01
     vertex -2.057434e-01 -2.487172e-01 -3.174603e-02
     vertex -2.286386e-01 -2.286386e-01 -3.174603e-02
   endloop
 endfacet
 facet normal  5.555702e-01  8.314696e-01  0.000000e+00
   outer loop
     vertex -2.057434e-01 -2.487172e-01  9.523810e-01
     vertex -1.804232e-01 -2.656355e-01 -3.174603e-02
     vertex -2.057434e-01 -2.487172e-01 -3.174603e-02
   endloop
 endfacet
 facet normal  5.555702e-01  8.314696e-01  0.000000e+00
   outer loop
     vertex -1.804232e-01 -2.656355e-01  9.523810e-01
     vertex -1.804232e-01 -2.656355e-01 -3.174603e-02
     vertex -2.057434e-01 -2.487172e-01  9.523810e-01
   endloop
 endfacet
 facet normal  4.422887e-01  8.968727e-01  0.000000e+00
   outer loop
     vertex -1.804232e-01 -2.656355e-01  9.523810e-01
     vertex -1.531115e-01 -2.791042e-01 -3.174603e-02
     vertex -1.804232e-01 -2.656355e-01 -3.174603e-02
   endloop
 endfacet
 facet normal  4.422887e-01  8.968727e-01  0.000000e+00
   outer loop
     vertex -1.531115e-01 -2.791042e-01  9.523810e-01
     vertex -1.531115e-01 -2.791042e-01 -3.174603e-02
     vertex -1.804232e-01 -2.656355e-01  9.523810e-01
   endloop
 endfacet
 facet normal  3.214395e-01  9.469301e-01  0.000000e+00
   outer loop
     vertex -1.242753e-01 -2.888928e-01  9.523810e-01
     vertex -1.531115e-01 -2.791042e-01 -3.174603e-02
     vertex -1.531115e-01 -2.791042e-01  9.523810e-01
   endloop
 endfacet
 facet normal  3.214395e-01  9.469301e-01  0.000000e+00
   outer loop
     vertex -1.242753e-01 -2.888928e-01  9.523810e-01
     vertex -1.242753e-01 -2.888928e-01 -3.174603e-02
     vertex -1.531115e-01 -2.791042e-01 -3.174603e-02
   endloop
 endfacet
 facet normal  1.950903e-01  9.807853e-01  0.000000e+00
   outer loop
     vertex -9.440818e-02 -2.948337e-01  9.523810e-01
     vertex -1.242753e-01 -2.888928e-01 -3.174603e-02
     vertex -1.242753e-01 -2.888928e-01  9.523810e-01
   endloop
 endfacet
 facet normal  1.950903e-01  9.807853e-01  0.000000e+00
   outer loop
     vertex -9.440818e-02 -2.948337e-01  9.523810e-01
     vertex -9.440818e-02 -2.948337e-01 -3.174603e-02
     vertex -1.242753e-01 -2.888928e-01 -3.174603e-02
   endloop
 endfacet
 facet normal  6.540313e-02  9.978589e-01  0.000000e+00
   outer loop
     vertex -6.402113e-02 -2.968254e-01  9.523810e-01
     vertex -9.440818e-02 -2.948337e-01 -3.174603e-02
     vertex -9.440818e-02 -2.948337e-01  9.523810e-01
   endloop
 endfacet
 facet normal  6.540313e-02  9.978589e-01  0.000000e+00
   outer loop
     vertex -6.402113e-02 -2.968254e-01  9.523810e-01
     vertex -6.402113e-02 -2.968254e-01 -3.174603e-02
     vertex -9.440818e-02 -2.948337e-01 -3.174603e-02
   endloop
 endfacet
 facet normal -6.540313e-02  9.978589e-01  0.000000e+00
   outer loop
     vertex -3.363408e-02 -2.948337e-01  9.523810e-01
     vertex -6.402113e-02 -2.968254e-01 -3.174603e-02
     vertex -6.402113e-02 -2.968254e-01  9.523810e-01
   endloop
 endfacet
 facet normal -6.540313e-02  9.978589e-01  0.000000e+00
   outer loop
     vertex -3.363408e-02 -2.948337e-01  9.523810e-01
     vertex -3.363408e-02 -2.948337e-01 -3.174603e-02
     vertex -6.402113e-02 -2.968254e-01 -3.174603e-02
   endloop
 endfacet
 facet normal -1.950903e-01  9.807853e-01  0.000000e+00
   outer loop
     vertex -3.766960e-03 -2.888928e-01  9.523810e-01
     vertex -3.363408e-02 -2.948337e-01 -3.174603e-02
     vertex -3.363408e-02 -2.948337e-01  9.523810e-01
   endloop
 endfacet
 facet normal -1.950903e-01  9.807853e-01  0.000000e+00
   outer loop
     vertex -3.766960e-03 -2.888928e-01  9.523810e-01
     vertex -3.766960e-03 -2.888928e-01 -3.174603e-02
     vertex -3.363408e-02 -2.948337e-01 -3.174603e-02
   endloop
 endfacet
 facet normal -3.214395e-01  9.469301e-01  0.000000e+00
   outer loop
     vertex  2.506919e-02 -2.791042e-01  9.523810e-01
     vertex -3.766960e-03 -2.888928e-01 -3.174603e-02
     vertex -3.766960e-03 -2.888928e-01  9.523810e-01
   endloop
 endfacet
 facet normal -3.214395e-01  9.469301e-01  0.000000e+00
   outer loop
     vertex  2.506919e-02 -2.791042e-01  9.523810e-01
     vertex  2.506919e-02 -2.791042e-01 -3.174603e-02
     vertex -3.766960e-03 -2.888928e-01 -3.174603e-02
   endloop
 endfacet
 facet normal -4.422887e-01  8.968727e-01  0.000000e+00
   outer loop
     vertex  5.238099e-02 -2.656355e-01  9.523810e-01
     vertex  2.506919e-02 -2.791042e-01 -3.174603e-02
     vertex  2.506919e-02 -2.791042e-01  9.523810e-01
   endloop
 endfacet
 facet normal -4.422887e-01  8.968727e-01  0.000000e+00
   outer loop
     vertex  5.238099e-02 -2.656355e-01  9.523810e-01
     vertex  5.238099e-02 -2.656355e-01 -3.174603e-02
     vertex  2.506919e-02 -2.791042e-01 -3.174603e-02
   endloop
 endfacet
 facet normal -5.555702e-01  8.314696e-01  0.000000e+00
   outer loop
     vertex  7.770111e-02 -2.487172e-01  9.523810e-01
     vertex  5.238099e-02 -2.656355e-01 -3.174603e-02
     vertex  5.238099e-02 -2.656355e-01  9.523810e-01
   endloop
 endfacet
 facet normal -5.555702e-01  8.314696e-01  0.000000e+00
   outer loop
     vertex  7.770111e-02 -2.487172e-01  9.523810e-01
     vertex  7.770111e-02 -2.487172e-01 -3.174603e-02
     vertex  5.238099e-02 -2.656355e-01 -3.174603e-02
   endloop
 endfacet
 facet normal -6.593458e-01  7.518398e-01  0.000000e+00
   outer loop
     vertex  1.005963e-01 -2.286386e-01  9.523810e-01
     vertex  7.770111e-02 -2.487172e-01 -3.174603e-02
     vertex  7.770111e-02 -2.487172e-01  9.523810e-01
   endloop
 endfacet
 facet normal -6.593458e-01  7.518398e-01  0.000000e+00
   outer loop
     vertex  1.005963e-01 -2.286386e-01  9.523810e-01
     vertex  1.005963e-01 -2.286386e-01 -3.174603e-02
     vertex  7.770111e-02 -2.487172e-01 -3.174603e-02
   endloop
 endfacet
 facet normal -7.518398e-01  6.593458e-01  0.000000e+00
   outer loop
     vertex  1.206749e-01 -2.057434e-01  9.523810e-01
     vertex  1.005963e-01 -2.286386e-01 -3.174603e-02
     vertex  1.005963e-01 -2.286386e-01  9.523810e-01
   endloop
 endfacet
 facet normal -7.518398e-01  6.593458e-01  0.000000e+00
   outer loop
     vertex  1.206749e-01 -2.057434e-01  9.523810e-01
     vertex  1.206749e-01 -2.057434e-01 -3.174603e-02
     vertex  1.005963e-01 -2.286386e-01 -3.174603e-02
   endloop
 endfacet
 facet normal -8.314696e-01  5.555702e-01  0.000000e+00
   outer loop
     vertex  1.375933e-01 -1.804232e-01  9.523810e-01
     vertex  1.206749e-01 -2.057434e-01 -3.174603e-02
     vertex  1.206749e-01 -2.057434e-01  9.523810e-01
   endloop
 endfacet
 facet normal -8.314696e-01  5.555702e-01  0.000000e+00
   outer loop
     vertex  1.375933e-01 -1.804232e-01  9.523810e-01
     vertex  1.375933e-01 -1.804232e-01 -3.174603e-02
     vertex  1.206749e-01 -2.057434e-01 -3.174603e-02
   endloop
 endfacet
