solid 
 facet normal -1.000000e+00  0.000000e+00  0.000000e+00
   outer loop
     vertex -5.507936e-01  4.114639e-01 -1.587302e-02
     vertex -5.507936e-01 -5.507936e-01 -1.587302e-02
     vertex -5.507936e-01 -5.507936e-01  6.031746e-01
   endloop
 endfacet
 facet normal -1.000000e+00  0.000000e+00  0.000000e+00
   outer loop
     vertex -5.507936e-01  4.114639e-01 -1.587302e-02
     vertex -5.507936e-01 -5.507936e-01  6.031746e-01
     vertex -5.507936e-01  4.114639e-01  6.031746e-01
   endloop
 endfacet
 facet normal  0.000000e+00 -1.000000e+00  0.000000e+00
   outer loop
     vertex -5.507936e-01 -5.507936e-01 -1.587302e-02
     vertex  4.114639e-01 -5.507936e-01 -1.587302e-02
     vertex  4.114639e-01 -5.507936e-01  6.031746e-01
   endloop
 endfacet
 facet normal  0.000000e+00 -1.000000e+00  0.000000e+00
   outer loop
     vertex -5.507936e-01 -5.507936e-01 -1.587302e-02
     vertex  4.114639e-01 -5.507936e-01  6.031746e-01
     vertex -5.507936e-01 -5.507936e-01  6.031746e-01
   endloop
 endfacet
 facet normal  0.000000e+00  1.000000e+00  0.000000e+00
   outer loop
     vertex  4.114639e-01  4.114639e-01 -1.587302e-02
     vertex -5.507936e-01  4.114639e-01 -1.587302e-02
     vertex -5.507936e-01  4.114639e-01  6.031746e-01
   endloop
 endfacet
 facet normal  0.000000e+00  1.000000e+00 -0.000000e+00
   outer loop
     vertex  4.114639e-01  4.114639e-01 -1.587302e-02
     vertex -5.507936e-01  4.114639e-01  6.031746e-01
     vertex  4.114639e-01  4.114639e-01  6.031746e-01
   endloop
 endfacet
 facet normal -1.000000e+00 -0.000000e+00  0.000000e+00
   outer loop
     vertex -5.507936e-01  4.114639e-01 -1.587302e-02
     vertex -5.507936e-01 -5.507936e-01 -3.174603e-02
     vertex -5.507936e-01 -5.507936e-01 -1.587302e-02
   endloop
 endfacet
 facet normal -1.000000e+00  0.000000e+00 -0.000000e+00
   outer loop
     vertex -5.507936e-01  4.114639e-01 -1.587302e-02
     vertex -5.507936e-01  4.114639e-01 -3.174603e-02
     vertex -5.507936e-01 -5.507936e-01 -3.174603e-02
   endloop
 endfacet
 facet normal  0.000000e+00  0.000000e+00  1.000000e+00
   outer loop
     vertex -5.507936e-01  4.114639e-01  6.031746e-01
     vertex -5.507936e-01 -5.507936e-01  6.031746e-01
     vertex -2.333333e-01 -2.333333e-01  6.031746e-01
   endloop
 endfacet
 facet normal  0.000000e+00  0.000000e+00  1.000000e+00
   outer loop
     vertex  4.114639e-01 -5.507936e-01  6.031746e-01
     vertex -2.333333e-01 -2.333333e-01  6.031746e-01
     vertex -5.507936e-01 -5.507936e-01  6.031746e-01
   endloop
 endfacet
 facet normal  0.000000e+00  0.000000e+00  1.000000e+00
   outer loop
     vertex  1.081129e-01 -2.333333e-01  6.031746e-01
     vertex -2.333333e-01 -2.333333e-01  6.031746e-01
     vertex  4.114639e-01 -5.507936e-01  6.031746e-01
   endloop
 endfacet
 facet normal  0.000000e+00  0.000000e+00  1.000000e+00
   outer loop
     vertex -2.333333e-01  1.081129e-01  6.031746e-01
     vertex -5.507936e-01  4.114639e-01  6.031746e-01
     vertex -2.333333e-01 -2.333333e-01  6.031746e-01
   endloop
 endfacet
 facet normal  0.000000e+00  0.000000e+00  1.000000e+00
   outer loop
     vertex  4.114639e-01  4.114639e-01  6.031746e-01
     vertex -2.333333e-01  1.081129e-01  6.031746e-01
     vertex  1.081129e-01  1.081129e-01  6.031746e-01
   endloop
 endfacet
 facet normal  0.000000e+00  0.000000e+00  1.000000e+00
   outer loop
     vertex  4.114639e-01  4.114639e-01  6.031746e-01
     vertex  1.081129e-01  1.081129e-01  6.031746e-01
     vertex  1.081129e-01 -2.333333e-01  6.031746e-01
   endloop
 endfacet
 facet normal  0.000000e+00  0.000000e+00  1.000000e+00
   outer loop
     vertex  4.114639e-01  4.114639e-01  6.031746e-01
     vertex  1.081129e-01 -2.333333e-01  6.031746e-01
     vertex  4.114639e-01 -5.507936e-01  6.031746e-01
   endloop
 endfacet
 facet normal  0.000000e+00  0.000000e+00  1.000000e+00
   outer loop
     vertex  4.114639e-01  4.114639e-01  6.031746e-01
     vertex -5.507936e-01  4.114639e-01  6.031746e-01
     vertex -2.333333e-01  1.081129e-01  6.031746e-01
   endloop
 endfacet
 facet normal  1.000000e+00  0.000000e+00  0.000000e+00
   outer loop
     vertex  4.114639e-01 -5.507936e-01 -1.587302e-02
     vertex  4.114639e-01  4.114639e-01 -1.587302e-02
     vertex  4.114639e-01  4.114639e-01  6.031746e-01
   endloop
 endfacet
 facet normal  1.000000e+00  0.000000e+00  0.000000e+00
   outer loop
     vertex  4.114639e-01 -5.507936e-01 -1.587302e-02
     vertex  4.114639e-01  4.114639e-01  6.031746e-01
     vertex  4.114639e-01 -5.507936e-01  6.031746e-01
   endloop
 endfacet
 facet normal  0.000000e+00 -1.000000e+00  0.000000e+00
   outer loop
     vertex -5.507936e-01 -5.507936e-01 -1.587302e-02
     vertex  4.114639e-01 -5.507936e-01 -3.174603e-02
     vertex  4.114639e-01 -5.507936e-01 -1.587302e-02
   endloop
 endfacet
 facet normal  0.000000e+00 -1.000000e+00  0.000000e+00
   outer loop
     vertex -5.507936e-01 -5.507936e-01 -1.587302e-02
     vertex -5.507936e-01 -5.507936e-01 -3.174603e-02
     vertex  4.114639e-01 -5.507936e-01 -3.174603e-02
   endloop
 endfacet
 facet normal  0.000000e+00  1.000000e+00  0.000000e+00
   outer loop
     vertex  4.114639e-01  4.114639e-01 -1.587302e-02
     vertex -5.507936e-01  4.114639e-01 -3.174603e-02
     vertex -5.507936e-01  4.114639e-01 -1.587302e-02
   endloop
 endfacet
 facet normal  0.000000e+00  1.000000e+00  0.000000e+00
   outer loop
     vertex  4.114639e-01  4.114639e-01 -1.587302e-02
     vertex  4.114639e-01  4.114639e-01 -3.174603e-02
     vertex -5.507936e-01  4.114639e-01 -3.174603e-02
   endloop
 endfacet
 facet normal  6.557254e-17  0.000000e+00 -1.000000e+00
   outer loop
     vertex -5.507936e-01  4.114639e-01 -3.174603e-02
     vertex -2.333333e-01 -2.333333e-01 -3.174603e-02
     vertex -5.507936e-01 -5.507936e-01 -3.174603e-02
   endloop
 endfacet
 facet normal  0.000000e+00  6.557254e-17 -1.000000e+00
   outer loop
     vertex  4.114639e-01 -5.507936e-01 -3.174603e-02
     vertex -5.507936e-01 -5.507936e-01 -3.174603e-02
     vertex -2.333333e-01 -2.333333e-01 -3.174603e-02
   endloop
 endfacet
 facet normal  0.000000e+00  6.557254e-17 -1.000000e+00
   outer loop
     vertex  1.081129e-01 -2.333333e-01 -3.174603e-02
     vertex  4.114639e-01 -5.507936e-01 -3.174603e-02
     vertex -2.333333e-01 -2.333333e-01 -3.174603e-02
   endloop
 endfacet
 facet normal  6.557254e-17  0.000000e+00 -1.000000e+00
   outer loop
     vertex -2.333333e-01  1.081129e-01 -3.174603e-02
     vertex -2.333333e-01 -2.333333e-01 -3.174603e-02
     vertex -5.507936e-01  4.114639e-01 -3.174603e-02
   endloop
 endfacet
 facet normal  0.000000e+00 -6.862243e-17 -1.000000e+00
   outer loop
     vertex  4.114639e-01  4.114639e-01 -3.174603e-02
     vertex  1.081129e-01  1.081129e-01 -3.174603e-02
     vertex -2.333333e-01  1.081129e-01 -3.174603e-02
   endloop
 endfacet
 facet normal -6.862243e-17  0.000000e+00 -1.000000e+00
   outer loop
     vertex  4.114639e-01  4.114639e-01 -3.174603e-02
     vertex  1.081129e-01 -2.333333e-01 -3.174603e-02
     vertex  1.081129e-01  1.081129e-01 -3.174603e-02
   endloop
 endfacet
 facet normal -6.862243e-17 -0.000000e+00 -1.000000e+00
   outer loop
     vertex  4.114639e-01  4.114639e-01 -3.174603e-02
     vertex  4.114639e-01 -5.507936e-01 -3.174603e-02
     vertex  1.081129e-01 -2.333333e-01 -3.174603e-02
   endloop
 endfacet
 facet normal -0.000000e+00 -6.862243e-17 -1.000000e+00
   outer loop
     vertex  4.114639e-01  4.114639e-01 -3.174603e-02
     vertex -2.333333e-01  1.081129e-01 -3.174603e-02
     vertex -5.507936e-01  4.114639e-01 -3.174603e-02
   endloop
 endfacet
 facet normal -0.000000e+00  1.000000e+00  0.000000e+00
   outer loop
     vertex -2.333333e-01 -2.333333e-01  6.031746e-01
     vertex  1.081129e-01 -2.333333e-01  6.031746e-01
     vertex  1.081129e-01 -2.333333e-01 -3.174603e-02
   endloop
 endfacet
 facet normal  0.000000e+00  1.000000e+00  0.000000e+00
   outer loop
     vertex -2.333333e-01 -2.333333e-01  6.031746e-01
     vertex  1.081129e-01 -2.333333e-01 -3.174603e-02
     vertex -2.333333e-01 -2.333333e-01 -3.174603e-02
   endloop
 endfacet
 facet normal -1.000000e+00  0.000000e+00  0.000000e+00
   outer loop
     vertex  1.081129e-01 -2.333333e-01  6.031746e-01
     vertex  1.081129e-01  1.081129e-01  6.031746e-01
     vertex  1.081129e-01  1.081129e-01 -3.174603e-02
   endloop
 endfacet
 facet normal -1.000000e+00  0.000000e+00  0.000000e+00
   outer loop
     vertex  1.081129e-01 -2.333333e-01  6.031746e-01
     vertex  1.081129e-01  1.081129e-01 -3.174603e-02
     vertex  1.081129e-01 -2.333333e-01 -3.174603e-02
   endloop
 endfacet
 facet normal -0.000000e+00 -1.000000e+00  0.000000e+00
   outer loop
     vertex  1.081129e-01  1.081129e-01  6.031746e-01
     vertex -2.333333e-01  1.081129e-01  6.031746e-01
     vertex -2.333333e-01  1.081129e-01 -3.174603e-02
   endloop
 endfacet
 facet normal  0.000000e+00 -1.000000e+00 -0.000000e+00
   outer loop
     vertex  1.081129e-01  1.081129e-01  6.031746e-01
     vertex -2.333333e-01  1.081129e-01 -3.174603e-02
     vertex  1.081129e-01  1.081129e-01 -3.174603e-02
   endloop
 endfacet
 facet normal  1.000000e+00  0.000000e+00  0.000000e+00
   outer loop
     vertex -2.333333e-01  1.081129e-01  6.031746e-01
     vertex -2.333333e-01 -2.333333e-01  6.031746e-01
     vertex -2.333333e-01 -2.333333e-01 -3.174603e-02
   endloop
 endfacet
 facet normal  1.000000e+00  0.000000e+00  0.000000e+00
   outer loop
     vertex -2.333333e-01  1.081129e-01  6.031746e-01
     vertex -2.333333e-01 -2.333333e-01 -3.174603e-02
     vertex -2.333333e-01  1.081129e-01 -3.174603e-02
   endloop
 endfacet
 facet normal  1.000000e+00 -0.000000e+00  0.000000e+00
   outer loop
     vertex  4.114639e-01 -5.507936e-01 -1.587302e-02
     vertex  4.114639e-01  4.114639e-01 -3.174603e-02
     vertex  4.114639e-01  4.114639e-01 -1.587302e-02
   endloop
 endfacet
 facet normal  1.000000e+00  0.000000e+00  0.000000e+00
   outer loop
     vertex  4.114639e-01 -5.507936e-01 -1.587302e-02
     vertex  4.114639e-01 -5.507936e-01 -3.174603e-02
     vertex  4.114639e-01  4.114639e-01 -3.174603e-02
   endloop
 endfacet
endsolid
