solid 
 facet normal -0.000000e+00  0.000000e+00 -1.000000e+00
   outer loop
     vertex  4.259260e-01 -2.857143e-01 -3.650802e-02
     vertex -3.650802e-02 -5.079365e-01 -3.650802e-02
     vertex -3.650802e-02 -2.857143e-01 -3.650802e-02
   endloop
 endfacet
 facet normal  0.000000e+00  0.000000e+00 -1.000000e+00
   outer loop
     vertex  9.257495e-01 -5.079365e-01 -3.650802e-02
     vertex -3.650802e-02 -5.079365e-01 -3.650802e-02
     vertex  4.259260e-01 -2.857143e-01 -3.650802e-02
   endloop
 endfacet
 facet normal -0.000000e+00  0.000000e+00 -1.000000e+00
   outer loop
     vertex  9.257495e-01 -1.587302e-02 -3.650802e-02
     vertex  4.259260e-01 -2.857143e-01 -3.650802e-02
     vertex  4.259260e-01 -1.587302e-02 -3.650802e-02
   endloop
 endfacet
 facet normal  0.000000e+00 -0.000000e+00 -1.000000e+00
   outer loop
     vertex  9.257495e-01 -1.587302e-02 -3.650802e-02
     vertex  9.257495e-01 -5.079365e-01 -3.650802e-02
     vertex  4.259260e-01 -2.857143e-01 -3.650802e-02
   endloop
 endfacet
 facet normal  0.000000e+00  1.000000e+00  0.000000e+00
   outer loop
     vertex  4.259260e-01 -2.857143e-01  4.259260e-01
     vertex  4.259260e-01 -2.857143e-01 -3.650802e-02
     vertex -3.650802e-02 -2.857143e-01 -3.650802e-02
   endloop
 endfacet
 facet normal  0.000000e+00  1.000000e+00  0.000000e+00
   outer loop
     vertex  4.259260e-01 -2.857143e-01  4.259260e-01
     vertex -3.650802e-02 -2.857143e-01 -3.650802e-02
     vertex -3.650802e-02 -2.857143e-01  4.259260e-01
   endloop
 endfacet
 facet normal -1.000000e+00  0.000000e+00 -0.000000e+00
   outer loop
     vertex  4.259260e-01 -1.587302e-02  4.259260e-01
     vertex  4.259260e-01 -1.587302e-02 -3.650802e-02
     vertex  4.259260e-01 -2.857143e-01 -3.650802e-02
   endloop
 endfacet
 facet normal -1.000000e+00 -0.000000e+00  0.000000e+00
   outer loop
     vertex  4.259260e-01 -1.587302e-02  4.259260e-01
     vertex  4.259260e-01 -2.857143e-01 -3.650802e-02
     vertex  4.259260e-01 -2.857143e-01  4.259260e-01
   endloop
 endfacet
 facet normal  0.000000e+00  0.000000e+00 -1.000000e+00
   outer loop
     vertex  9.257495e-01 -1.587302e-02 -3.650802e-02
     vertex  4.259260e-01 -1.587302e-02 -3.650802e-02
     vertex  4.259260e-01  0.000000e+00 -3.650802e-02
   endloop
 endfacet
 facet normal  0.000000e+00  0.000000e+00 -1.000000e+00
   outer loop
     vertex  9.257495e-01 -1.587302e-02 -3.650802e-02
     vertex  4.259260e-01  0.000000e+00 -3.650802e-02
     vertex  9.257495e-01  0.000000e+00 -3.650802e-02
   endloop
 endfacet
 facet normal  1.000000e+00  0.000000e+00  0.000000e+00
   outer loop
     vertex  9.257495e-01 -1.587302e-02  9.257495e-01
     vertex  9.257495e-01 -5.079365e-01 -3.650802e-02
     vertex  9.257495e-01 -1.587302e-02 -3.650802e-02
   endloop
 endfacet
 facet normal  1.000000e+00  0.000000e+00  0.000000e+00
   outer loop
     vertex  9.257495e-01 -1.587302e-02  9.257495e-01
     vertex  9.257495e-01 -5.079365e-01  9.257495e-01
     vertex  9.257495e-01 -5.079365e-01 -3.650802e-02
   endloop
 endfacet
 facet normal  0.000000e+00 -1.000000e+00 -0.000000e+00
   outer loop
     vertex  9.257495e-01 -5.079365e-01  9.257495e-01
     vertex -3.650802e-02 -5.079365e-01 -3.650802e-02
     vertex  9.257495e-01 -5.079365e-01 -3.650802e-02
   endloop
 endfacet
 facet normal -0.000000e+00 -1.000000e+00  0.000000e+00
   outer loop
     vertex  9.257495e-01 -5.079365e-01  9.257495e-01
     vertex -3.650802e-02 -5.079365e-01  9.257495e-01
     vertex -3.650802e-02 -5.079365e-01 -3.650802e-02
   endloop
 endfacet
 facet normal -1.000000e+00  0.000000e+00 -2.776537e-17
   outer loop
     vertex -3.650802e-02 -2.857143e-01  4.259260e-01
     vertex -3.650802e-02 -5.079365e-01  9.257495e-01
     vertex -3.650802e-02 -1.587302e-02  9.257495e-01
   endloop
 endfacet
 facet normal -1.000000e+00  6.245005e-17  0.000000e+00
   outer loop
     vertex -3.650802e-02 -5.079365e-01 -3.650802e-02
     vertex -3.650802e-02 -5.079365e-01  9.257495e-01
     vertex -3.650802e-02 -2.857143e-01  4.259260e-01
   endloop
 endfacet
 facet normal -1.000000e+00 -2.571472e-17 -1.388269e-17
   outer loop
     vertex -3.650802e-02 -1.587302e-02  4.259260e-01
     vertex -3.650802e-02 -2.857143e-01  4.259260e-01
     vertex -3.650802e-02 -1.587302e-02  9.257495e-01
   endloop
 endfacet
 facet normal -1.000000e+00  0.000000e+00  3.001031e-17
   outer loop
     vertex -3.650802e-02 -2.857143e-01 -3.650802e-02
     vertex -3.650802e-02 -5.079365e-01 -3.650802e-02
     vertex -3.650802e-02 -2.857143e-01  4.259260e-01
   endloop
 endfacet
 facet normal  0.000000e+00  0.000000e+00 -1.000000e+00
   outer loop
     vertex -3.650802e-02 -1.587302e-02  4.259260e-01
     vertex  4.259260e-01 -1.587302e-02  4.259260e-01
     vertex  4.259260e-01 -2.857143e-01  4.259260e-01
   endloop
 endfacet
 facet normal  0.000000e+00  0.000000e+00 -1.000000e+00
   outer loop
     vertex -3.650802e-02 -1.587302e-02  4.259260e-01
     vertex  4.259260e-01 -2.857143e-01  4.259260e-01
     vertex -3.650802e-02 -2.857143e-01  4.259260e-01
   endloop
 endfacet
 facet normal -1.000000e+00  0.000000e+00  0.000000e+00
   outer loop
     vertex  4.259260e-01 -1.587302e-02  4.259260e-01
     vertex  4.259260e-01  0.000000e+00 -3.650802e-02
     vertex  4.259260e-01 -1.587302e-02 -3.650802e-02
   endloop
 endfacet
 facet normal -1.000000e+00  0.000000e+00  0.000000e+00
   outer loop
     vertex  4.259260e-01 -1.587302e-02  4.259260e-01
     vertex  4.259260e-01  0.000000e+00  4.259260e-01
     vertex  4.259260e-01  0.000000e+00 -3.650802e-02
   endloop
 endfacet
 facet normal  1.000000e+00  0.000000e+00  0.000000e+00
   outer loop
     vertex  9.257495e-01 -1.587302e-02  9.257495e-01
     vertex  9.257495e-01 -1.587302e-02 -3.650802e-02
     vertex  9.257495e-01  0.000000e+00 -3.650802e-02
   endloop
 endfacet
 facet normal  1.000000e+00 -0.000000e+00  0.000000e+00
   outer loop
     vertex  9.257495e-01 -1.587302e-02  9.257495e-01
     vertex  9.257495e-01  0.000000e+00 -3.650802e-02
     vertex  9.257495e-01  0.000000e+00  9.257495e-01
   endloop
 endfacet
 facet normal  0.000000e+00  1.000000e+00  0.000000e+00
   outer loop
     vertex -3.650802e-02  0.000000e+00  9.257495e-01
     vertex  4.259260e-01  0.000000e+00  4.259260e-01
     vertex -3.650802e-02  0.000000e+00  4.259260e-01
   endloop
 endfacet
 facet normal  0.000000e+00  1.000000e+00  0.000000e+00
   outer loop
     vertex  9.257495e-01  0.000000e+00 -3.650802e-02
     vertex  4.259260e-01  0.000000e+00 -3.650802e-02
     vertex  4.259260e-01  0.000000e+00  4.259260e-01
   endloop
 endfacet
 facet normal  0.000000e+00  1.000000e+00  0.000000e+00
   outer loop
     vertex  9.257495e-01  0.000000e+00  9.257495e-01
     vertex  4.259260e-01  0.000000e+00  4.259260e-01
     vertex -3.650802e-02  0.000000e+00  9.257495e-01
   endloop
 endfacet
 facet normal  0.000000e+00  1.000000e+00  0.000000e+00
   outer loop
     vertex  9.257495e-01  0.000000e+00  9.257495e-01
     vertex  9.257495e-01  0.000000e+00 -3.650802e-02
     vertex  4.259260e-01  0.000000e+00  4.259260e-01
   endloop
 endfacet
 facet normal -0.000000e+00  0.000000e+00  1.000000e+00
   outer loop
     vertex -3.650802e-02 -1.587302e-02  9.257495e-01
     vertex  9.257495e-01 -5.079365e-01  9.257495e-01
     vertex  9.257495e-01 -1.587302e-02  9.257495e-01
   endloop
 endfacet
 facet normal  0.000000e+00  0.000000e+00  1.000000e+00
   outer loop
     vertex -3.650802e-02 -1.587302e-02  9.257495e-01
     vertex -3.650802e-02 -5.079365e-01  9.257495e-01
     vertex  9.257495e-01 -5.079365e-01  9.257495e-01
   endloop
 endfacet
 facet normal -1.000000e+00  0.000000e+00 -1.388269e-17
   outer loop
     vertex -3.650802e-02 -1.587302e-02  4.259260e-01
     vertex -3.650802e-02 -1.587302e-02  9.257495e-01
     vertex -3.650802e-02  0.000000e+00  9.257495e-01
   endloop
 endfacet
 facet normal -1.000000e+00  0.000000e+00 -1.388269e-17
   outer loop
     vertex -3.650802e-02 -1.587302e-02  4.259260e-01
     vertex -3.650802e-02  0.000000e+00  9.257495e-01
     vertex -3.650802e-02  0.000000e+00  4.259260e-01
   endloop
 endfacet
 facet normal  0.000000e+00  0.000000e+00 -1.000000e+00
   outer loop
     vertex -3.650802e-02 -1.587302e-02  4.259260e-01
     vertex  4.259260e-01  0.000000e+00  4.259260e-01
     vertex  4.259260e-01 -1.587302e-02  4.259260e-01
   endloop
 endfacet
 facet normal  0.000000e+00  0.000000e+00 -1.000000e+00
   outer loop
     vertex -3.650802e-02 -1.587302e-02  4.259260e-01
     vertex -3.650802e-02  0.000000e+00  4.259260e-01
     vertex  4.259260e-01  0.000000e+00  4.259260e-01
   endloop
 endfacet
 facet normal  0.000000e+00  0.000000e+00  1.000000e+00
   outer loop
     vertex -3.650802e-02 -1.587302e-02  9.257495e-01
     vertex  9.257495e-01 -1.587302e-02  9.257495e-01
     vertex  9.257495e-01  0.000000e+00  9.257495e-01
   endloop
 endfacet
 facet normal  0.000000e+00  0.000000e+00  1.000000e+00
   outer loop
     vertex -3.650802e-02 -1.587302e-02  9.257495e-01
     vertex  9.257495e-01  0.000000e+00  9.257495e-01
     vertex -3.650802e-02  0.000000e+00  9.257495e-01
   endloop
 endfacet
endsolid
