solid 
 facet normal -1.000000e+00  0.000000e+00 -0.000000e+00
   outer loop
     vertex -7.253968e-01 -1.587302e-02  5.783069e-01
     vertex -7.253968e-01 -1.587302e-02 -7.253968e-01
     vertex -7.253968e-01 -3.492064e-01 -7.253968e-01
   endloop
 endfacet
 facet normal -1.000000e+00 -0.000000e+00  0.000000e+00
   outer loop
     vertex -7.253968e-01 -1.587302e-02  5.783069e-01
     vertex -7.253968e-01 -3.492064e-01 -7.253968e-01
     vertex -7.253968e-01 -3.492064e-01  5.783069e-01
   endloop
 endfacet
 facet normal  0.000000e+00  0.000000e+00 -1.000000e+00
   outer loop
     vertex -7.253968e-01 -1.587302e-02 -7.253968e-01
     vertex  5.783069e-01 -1.587302e-02 -7.253968e-01
     vertex  5.783069e-01 -3.492064e-01 -7.253968e-01
   endloop
 endfacet
 facet normal  0.000000e+00  0.000000e+00 -1.000000e+00
   outer loop
     vertex -7.253968e-01 -1.587302e-02 -7.253968e-01
     vertex  5.783069e-01 -3.492064e-01 -7.253968e-01
     vertex -7.253968e-01 -3.492064e-01 -7.253968e-01
   endloop
 endfacet
 facet normal  0.000000e+00  0.000000e+00  1.000000e+00
   outer loop
     vertex  5.783069e-01 -1.587302e-02  5.783069e-01
     vertex -7.253968e-01 -1.587302e-02  5.783069e-01
     vertex -7.253968e-01 -3.492064e-01  5.783069e-01
   endloop
 endfacet
 facet normal  0.000000e+00  0.000000e+00  1.000000e+00
   outer loop
     vertex  5.783069e-01 -1.587302e-02  5.783069e-01
     vertex -7.253968e-01 -3.492064e-01  5.783069e-01
     vertex  5.783069e-01 -3.492064e-01  5.783069e-01
   endloop
 endfacet
 facet normal -1.000000e+00  0.000000e+00  0.000000e+00
   outer loop
     vertex -7.253968e-01 -1.587302e-02  5.783069e-01
     vertex -7.253968e-01  0.000000e+00 -7.253968e-01
     vertex -7.253968e-01 -1.587302e-02 -7.253968e-01
   endloop
 endfacet
 facet normal -1.000000e+00  0.000000e+00  0.000000e+00
   outer loop
     vertex -7.253968e-01 -1.587302e-02  5.783069e-01
     vertex -7.253968e-01  0.000000e+00  5.783069e-01
     vertex -7.253968e-01  0.000000e+00 -7.253968e-01
   endloop
 endfacet
 facet normal  0.000000e+00 -1.000000e+00 -0.000000e+00
   outer loop
     vertex -1.878192e-01 -3.492064e-01 -1.534834e-01
     vertex -7.253968e-01 -3.492064e-01 -7.253968e-01
     vertex -1.720024e-01 -3.492064e-01 -1.720024e-01
   endloop
 endfacet
 facet normal -0.000000e+00 -1.000000e+00  0.000000e+00
   outer loop
     vertex -1.534834e-01 -3.492064e-01 -1.878192e-01
     vertex -1.720024e-01 -3.492064e-01 -1.720024e-01
     vertex -7.253968e-01 -3.492064e-01 -7.253968e-01
   endloop
 endfacet
 facet normal -0.000000e+00 -1.000000e+00  0.000000e+00
   outer loop
     vertex -1.327181e-01 -3.492064e-01 -2.005442e-01
     vertex -1.534834e-01 -3.492064e-01 -1.878192e-01
     vertex -7.253968e-01 -3.492064e-01 -7.253968e-01
   endloop
 endfacet
 facet normal  0.000000e+00 -1.000000e+00 -0.000000e+00
   outer loop
     vertex -2.005442e-01 -3.492064e-01 -1.327181e-01
     vertex -7.253968e-01 -3.492064e-01 -7.253968e-01
     vertex -1.878192e-01 -3.492064e-01 -1.534834e-01
   endloop
 endfacet
 facet normal -0.000000e+00 -1.000000e+00  0.000000e+00
   outer loop
     vertex -1.102178e-01 -3.492064e-01 -2.098641e-01
     vertex -1.327181e-01 -3.492064e-01 -2.005442e-01
     vertex -7.253968e-01 -3.492064e-01 -7.253968e-01
   endloop
 endfacet
 facet normal  0.000000e+00 -1.000000e+00 -0.000000e+00
   outer loop
     vertex -2.098641e-01 -3.492064e-01 -1.102178e-01
     vertex -7.253968e-01 -3.492064e-01 -7.253968e-01
     vertex -2.005442e-01 -3.492064e-01 -1.327181e-01
   endloop
 endfacet
 facet normal -0.000000e+00 -1.000000e+00  0.000000e+00
   outer loop
     vertex -8.653653e-02 -3.492064e-01 -2.155495e-01
     vertex -1.102178e-01 -3.492064e-01 -2.098641e-01
     vertex -7.253968e-01 -3.492064e-01 -7.253968e-01
   endloop
 endfacet
 facet normal  0.000000e+00 -1.000000e+00 -0.000000e+00
   outer loop
     vertex -2.155495e-01 -3.492064e-01 -8.653653e-02
     vertex -7.253968e-01 -3.492064e-01 -7.253968e-01
     vertex -2.098641e-01 -3.492064e-01 -1.102178e-01
   endloop
 endfacet
 facet normal  0.000000e+00 -1.000000e+00 -0.000000e+00
   outer loop
     vertex -2.174603e-01 -3.492064e-01 -6.225746e-02
     vertex -7.253968e-01 -3.492064e-01 -7.253968e-01
     vertex -2.155495e-01 -3.492064e-01 -8.653653e-02
   endloop
 endfacet
 facet normal -0.000000e+00 -1.000000e+00  0.000000e+00
   outer loop
     vertex -6.225746e-02 -3.492064e-01 -2.174603e-01
     vertex -8.653653e-02 -3.492064e-01 -2.155495e-01
     vertex -7.253968e-01 -3.492064e-01 -7.253968e-01
   endloop
 endfacet
 facet normal  0.000000e+00 -1.000000e+00  0.000000e+00
   outer loop
     vertex -7.253968e-01 -3.492064e-01  5.783069e-01
     vertex -2.174603e-01 -3.492064e-01 -6.225746e-02
     vertex -2.155495e-01 -3.492064e-01 -3.797839e-02
   endloop
 endfacet
 facet normal  0.000000e+00 -1.000000e+00  0.000000e+00
   outer loop
     vertex -7.253968e-01 -3.492064e-01  5.783069e-01
     vertex -2.155495e-01 -3.492064e-01 -3.797839e-02
     vertex -2.098641e-01 -3.492064e-01 -1.429715e-02
   endloop
 endfacet
 facet normal  0.000000e+00 -1.000000e+00  0.000000e+00
   outer loop
     vertex -7.253968e-01 -3.492064e-01  5.783069e-01
     vertex -2.098641e-01 -3.492064e-01 -1.429715e-02
     vertex -2.005442e-01 -3.492064e-01  8.203146e-03
   endloop
 endfacet
 facet normal  0.000000e+00 -1.000000e+00  0.000000e+00
   outer loop
     vertex -7.253968e-01 -3.492064e-01  5.783069e-01
     vertex -2.005442e-01 -3.492064e-01  8.203146e-03
     vertex -1.878192e-01 -3.492064e-01  2.896847e-02
   endloop
 endfacet
 facet normal  0.000000e+00 -1.000000e+00  0.000000e+00
   outer loop
     vertex -7.253968e-01 -3.492064e-01  5.783069e-01
     vertex -7.253968e-01 -3.492064e-01 -7.253968e-01
     vertex -2.174603e-01 -3.492064e-01 -6.225746e-02
   endloop
 endfacet
 facet normal  0.000000e+00 -1.000000e+00  0.000000e+00
   outer loop
     vertex  5.783069e-01 -3.492064e-01 -7.253968e-01
     vertex  2.896847e-02 -3.492064e-01 -1.878192e-01
     vertex  8.203146e-03 -3.492064e-01 -2.005442e-01
   endloop
 endfacet
 facet normal  0.000000e+00 -1.000000e+00  0.000000e+00
   outer loop
     vertex  5.783069e-01 -3.492064e-01 -7.253968e-01
     vertex  8.203146e-03 -3.492064e-01 -2.005442e-01
     vertex -1.429715e-02 -3.492064e-01 -2.098641e-01
   endloop
 endfacet
 facet normal  0.000000e+00 -1.000000e+00  0.000000e+00
   outer loop
     vertex  5.783069e-01 -3.492064e-01 -7.253968e-01
     vertex -1.429715e-02 -3.492064e-01 -2.098641e-01
     vertex -3.797839e-02 -3.492064e-01 -2.155495e-01
   endloop
 endfacet
 facet normal  0.000000e+00 -1.000000e+00  0.000000e+00
   outer loop
     vertex  5.783069e-01 -3.492064e-01 -7.253968e-01
     vertex -3.797839e-02 -3.492064e-01 -2.155495e-01
     vertex -6.225746e-02 -3.492064e-01 -2.174603e-01
   endloop
 endfacet
 facet normal  0.000000e+00 -1.000000e+00  0.000000e+00
   outer loop
     vertex  5.783069e-01 -3.492064e-01 -7.253968e-01
     vertex -6.225746e-02 -3.492064e-01 -2.174603e-01
     vertex -7.253968e-01 -3.492064e-01 -7.253968e-01
   endloop
 endfacet
 facet normal  0.000000e+00 -1.000000e+00 -0.000000e+00
   outer loop
     vertex  4.748751e-02 -3.492064e-01 -1.720024e-01
     vertex  2.896847e-02 -3.492064e-01 -1.878192e-01
     vertex  5.783069e-01 -3.492064e-01 -7.253968e-01
   endloop
 endfacet
 facet normal -0.000000e+00 -1.000000e+00  0.000000e+00
   outer loop
     vertex -1.720024e-01 -3.492064e-01  4.748751e-02
     vertex -7.253968e-01 -3.492064e-01  5.783069e-01
     vertex -1.878192e-01 -3.492064e-01  2.896847e-02
   endloop
 endfacet
 facet normal  0.000000e+00 -1.000000e+00 -0.000000e+00
   outer loop
     vertex  6.330426e-02 -3.492064e-01 -1.534834e-01
     vertex  4.748751e-02 -3.492064e-01 -1.720024e-01
     vertex  5.783069e-01 -3.492064e-01 -7.253968e-01
   endloop
 endfacet
 facet normal -0.000000e+00 -1.000000e+00  0.000000e+00
   outer loop
     vertex -1.534834e-01 -3.492064e-01  6.330426e-02
     vertex -7.253968e-01 -3.492064e-01  5.783069e-01
     vertex -1.720024e-01 -3.492064e-01  4.748751e-02
   endloop
 endfacet
 facet normal -0.000000e+00 -1.000000e+00  0.000000e+00
   outer loop
     vertex -1.327181e-01 -3.492064e-01  7.602927e-02
     vertex -7.253968e-01 -3.492064e-01  5.783069e-01
     vertex -1.534834e-01 -3.492064e-01  6.330426e-02
   endloop
 endfacet
 facet normal  0.000000e+00 -1.000000e+00 -0.000000e+00
   outer loop
     vertex  7.602927e-02 -3.492064e-01 -1.327181e-01
     vertex  6.330426e-02 -3.492064e-01 -1.534834e-01
     vertex  5.783069e-01 -3.492064e-01 -7.253968e-01
   endloop
 endfacet
 facet normal -0.000000e+00 -1.000000e+00  0.000000e+00
   outer loop
     vertex -1.102178e-01 -3.492064e-01  8.534920e-02
     vertex -7.253968e-01 -3.492064e-01  5.783069e-01
     vertex -1.327181e-01 -3.492064e-01  7.602927e-02
   endloop
 endfacet
 facet normal  0.000000e+00 -1.000000e+00 -0.000000e+00
   outer loop
     vertex  8.534920e-02 -3.492064e-01 -1.102178e-01
     vertex  7.602927e-02 -3.492064e-01 -1.327181e-01
     vertex  5.783069e-01 -3.492064e-01 -7.253968e-01
   endloop
 endfacet
 facet normal -0.000000e+00 -1.000000e+00  0.000000e+00
   outer loop
     vertex -8.653653e-02 -3.492064e-01  9.103456e-02
     vertex -7.253968e-01 -3.492064e-01  5.783069e-01
     vertex -1.102178e-01 -3.492064e-01  8.534920e-02
   endloop
 endfacet
 facet normal  0.000000e+00 -1.000000e+00 -0.000000e+00
   outer loop
     vertex  9.103456e-02 -3.492064e-01 -8.653653e-02
     vertex  8.534920e-02 -3.492064e-01 -1.102178e-01
     vertex  5.783069e-01 -3.492064e-01 -7.253968e-01
   endloop
 endfacet
 facet normal -0.000000e+00 -1.000000e+00  0.000000e+00
   outer loop
     vertex -6.225746e-02 -3.492064e-01  9.294536e-02
     vertex -7.253968e-01 -3.492064e-01  5.783069e-01
     vertex -8.653653e-02 -3.492064e-01  9.103456e-02
   endloop
 endfacet
 facet normal  0.000000e+00 -1.000000e+00 -0.000000e+00
   outer loop
     vertex  9.294536e-02 -3.492064e-01 -6.225746e-02
     vertex  9.103456e-02 -3.492064e-01 -8.653653e-02
     vertex  5.783069e-01 -3.492064e-01 -7.253968e-01
   endloop
 endfacet
 facet normal  0.000000e+00 -1.000000e+00 -0.000000e+00
   outer loop
     vertex  5.783069e-01 -3.492064e-01  5.783069e-01
     vertex  9.294536e-02 -3.492064e-01 -6.225746e-02
     vertex  5.783069e-01 -3.492064e-01 -7.253968e-01
   endloop
 endfacet
 facet normal -0.000000e+00 -1.000000e+00  0.000000e+00
   outer loop
     vertex  5.783069e-01 -3.492064e-01  5.783069e-01
     vertex -7.253968e-01 -3.492064e-01  5.783069e-01
     vertex -6.225746e-02 -3.492064e-01  9.294536e-02
   endloop
 endfacet
 facet normal  0.000000e+00 -1.000000e+00  0.000000e+00
   outer loop
     vertex  5.783069e-01 -3.492064e-01  5.783069e-01
     vertex -6.225746e-02 -3.492064e-01  9.294536e-02
     vertex -3.797839e-02 -3.492064e-01  9.103456e-02
   endloop
 endfacet
 facet normal  0.000000e+00 -1.000000e+00  0.000000e+00
   outer loop
     vertex  5.783069e-01 -3.492064e-01  5.783069e-01
     vertex -3.797839e-02 -3.492064e-01  9.103456e-02
     vertex -1.429715e-02 -3.492064e-01  8.534920e-02
   endloop
 endfacet
 facet normal  0.000000e+00 -1.000000e+00  0.000000e+00
   outer loop
     vertex  5.783069e-01 -3.492064e-01  5.783069e-01
     vertex -1.429715e-02 -3.492064e-01  8.534920e-02
     vertex  8.203146e-03 -3.492064e-01  7.602927e-02
   endloop
 endfacet
 facet normal  0.000000e+00 -1.000000e+00  0.000000e+00
   outer loop
     vertex  5.783069e-01 -3.492064e-01  5.783069e-01
     vertex  8.203146e-03 -3.492064e-01  7.602927e-02
     vertex  2.896847e-02 -3.492064e-01  6.330426e-02
   endloop
 endfacet
 facet normal  0.000000e+00 -1.000000e+00  0.000000e+00
   outer loop
     vertex  5.783069e-01 -3.492064e-01  5.783069e-01
     vertex  2.896847e-02 -3.492064e-01  6.330426e-02
     vertex  4.748751e-02 -3.492064e-01  4.748751e-02
   endloop
 endfacet
 facet normal  0.000000e+00 -1.000000e+00  0.000000e+00
   outer loop
     vertex  5.783069e-01 -3.492064e-01  5.783069e-01
     vertex  4.748751e-02 -3.492064e-01  4.748751e-02
     vertex  6.330426e-02 -3.492064e-01  2.896847e-02
   endloop
 endfacet
 facet normal  0.000000e+00 -1.000000e+00  0.000000e+00
   outer loop
     vertex  5.783069e-01 -3.492064e-01  5.783069e-01
     vertex  6.330426e-02 -3.492064e-01  2.896847e-02
     vertex  7.602927e-02 -3.492064e-01  8.203146e-03
   endloop
 endfacet
 facet normal  0.000000e+00 -1.000000e+00  0.000000e+00
   outer loop
     vertex  5.783069e-01 -3.492064e-01  5.783069e-01
     vertex  7.602927e-02 -3.492064e-01  8.203146e-03
     vertex  8.534920e-02 -3.492064e-01 -1.429715e-02
   endloop
 endfacet
 facet normal  0.000000e+00 -1.000000e+00  0.000000e+00
   outer loop
     vertex  5.783069e-01 -3.492064e-01  5.783069e-01
     vertex  8.534920e-02 -3.492064e-01 -1.429715e-02
     vertex  9.103456e-02 -3.492064e-01 -3.797839e-02
   endloop
 endfacet
 facet normal  0.000000e+00 -1.000000e+00  0.000000e+00
   outer loop
     vertex  5.783069e-01 -3.492064e-01  5.783069e-01
     vertex  9.103456e-02 -3.492064e-01 -3.797839e-02
     vertex  9.294536e-02 -3.492064e-01 -6.225746e-02
   endloop
 endfacet
 facet normal  1.000000e+00  0.000000e+00 -0.000000e+00
   outer loop
     vertex  5.783069e-01 -1.587302e-02 -7.253968e-01
     vertex  5.783069e-01 -1.587302e-02  5.783069e-01
     vertex  5.783069e-01 -3.492064e-01  5.783069e-01
   endloop
 endfacet
 facet normal  1.000000e+00  0.000000e+00  0.000000e+00
   outer loop
     vertex  5.783069e-01 -1.587302e-02 -7.253968e-01
     vertex  5.783069e-01 -3.492064e-01  5.783069e-01
     vertex  5.783069e-01 -3.492064e-01 -7.253968e-01
   endloop
 endfacet
 facet normal  0.000000e+00  0.000000e+00 -1.000000e+00
   outer loop
     vertex -7.253968e-01 -1.587302e-02 -7.253968e-01
     vertex  5.783069e-01  0.000000e+00 -7.253968e-01
     vertex  5.783069e-01 -1.587302e-02 -7.253968e-01
   endloop
 endfacet
 facet normal  0.000000e+00  0.000000e+00 -1.000000e+00
   outer loop
     vertex -7.253968e-01 -1.587302e-02 -7.253968e-01
     vertex -7.253968e-01  0.000000e+00 -7.253968e-01
     vertex  5.783069e-01  0.000000e+00 -7.253968e-01
   endloop
 endfacet
 facet normal  0.000000e+00  0.000000e+00  1.000000e+00
   outer loop
     vertex  5.783069e-01 -1.587302e-02  5.783069e-01
     vertex -7.253968e-01  0.000000e+00  5.783069e-01
     vertex -7.253968e-01 -1.587302e-02  5.783069e-01
   endloop
 endfacet
 facet normal  0.000000e+00 -0.000000e+00  1.000000e+00
   outer loop
     vertex  5.783069e-01 -1.587302e-02  5.783069e-01
     vertex  5.783069e-01  0.000000e+00  5.783069e-01
     vertex -7.253968e-01  0.000000e+00  5.783069e-01
   endloop
 endfacet
 facet normal  0.000000e+00  1.000000e+00  0.000000e+00
   outer loop
     vertex -1.528294e-01  0.000000e+00 -1.807446e-01
     vertex -7.253968e-01  0.000000e+00 -7.253968e-01
     vertex -1.698058e-01  0.000000e+00 -1.658035e-01
   endloop
 endfacet
 facet normal  0.000000e+00  1.000000e+00  0.000000e+00
   outer loop
     vertex -1.840129e-01  0.000000e+00 -1.482083e-01
     vertex -1.698058e-01  0.000000e+00 -1.658035e-01
     vertex -7.253968e-01  0.000000e+00 -7.253968e-01
   endloop
 endfacet
 facet normal  0.000000e+00  1.000000e+00  0.000000e+00
   outer loop
     vertex -1.335721e-01  0.000000e+00 -1.926017e-01
     vertex -7.253968e-01  0.000000e+00 -7.253968e-01
     vertex -1.528294e-01  0.000000e+00 -1.807446e-01
   endloop
 endfacet
 facet normal  0.000000e+00  1.000000e+00  0.000000e+00
   outer loop
     vertex -1.950421e-01  0.000000e+00 -1.284651e-01
     vertex -1.840129e-01  0.000000e+00 -1.482083e-01
     vertex -7.253968e-01  0.000000e+00 -7.253968e-01
   endloop
 endfacet
 facet normal  0.000000e+00  1.000000e+00  0.000000e+00
   outer loop
     vertex -1.125880e-01  0.000000e+00 -2.010339e-01
     vertex -7.253968e-01  0.000000e+00 -7.253968e-01
     vertex -1.335721e-01  0.000000e+00 -1.926017e-01
   endloop
 endfacet
 facet normal  0.000000e+00  1.000000e+00  0.000000e+00
   outer loop
     vertex -2.025760e-01  0.000000e+00 -1.071420e-01
     vertex -1.950421e-01  0.000000e+00 -1.284651e-01
     vertex -7.253968e-01  0.000000e+00 -7.253968e-01
   endloop
 endfacet
 facet normal  0.000000e+00  1.000000e+00  0.000000e+00
   outer loop
     vertex -9.048065e-02  0.000000e+00 -2.057984e-01
     vertex -7.253968e-01  0.000000e+00 -7.253968e-01
     vertex -1.125880e-01  0.000000e+00 -2.010339e-01
   endloop
 endfacet
 facet normal  0.000000e+00  1.000000e+00  0.000000e+00
   outer loop
     vertex -2.063980e-01  0.000000e+00 -8.485240e-02
     vertex -2.025760e-01  0.000000e+00 -1.071420e-01
     vertex -7.253968e-01  0.000000e+00 -7.253968e-01
   endloop
 endfacet
 facet normal  0.000000e+00  1.000000e+00  0.000000e+00
   outer loop
     vertex -6.788611e-02  0.000000e+00 -2.067582e-01
     vertex -7.253968e-01  0.000000e+00 -7.253968e-01
     vertex -9.048065e-02  0.000000e+00 -2.057984e-01
   endloop
 endfacet
 facet normal  0.000000e+00  1.000000e+00  0.000000e+00
   outer loop
     vertex -7.253968e-01  0.000000e+00  5.783069e-01
     vertex -1.698058e-01  0.000000e+00  1.871359e-02
     vertex -1.840129e-01  0.000000e+00  1.118377e-03
   endloop
 endfacet
 facet normal  0.000000e+00  1.000000e+00  0.000000e+00
   outer loop
     vertex -7.253968e-01  0.000000e+00  5.783069e-01
     vertex -1.840129e-01  0.000000e+00  1.118377e-03
     vertex -1.950421e-01  0.000000e+00 -1.862476e-02
   endloop
 endfacet
 facet normal  0.000000e+00  1.000000e+00  0.000000e+00
   outer loop
     vertex -7.253968e-01  0.000000e+00  5.783069e-01
     vertex -1.950421e-01  0.000000e+00 -1.862476e-02
     vertex -2.025760e-01  0.000000e+00 -3.994786e-02
   endloop
 endfacet
 facet normal  0.000000e+00  1.000000e+00  0.000000e+00
   outer loop
     vertex -7.253968e-01  0.000000e+00  5.783069e-01
     vertex -2.025760e-01  0.000000e+00 -3.994786e-02
     vertex -2.063980e-01  0.000000e+00 -6.223748e-02
   endloop
 endfacet
 facet normal  0.000000e+00  1.000000e+00  0.000000e+00
   outer loop
     vertex -7.253968e-01  0.000000e+00  5.783069e-01
     vertex -2.063980e-01  0.000000e+00 -6.223748e-02
     vertex -2.063980e-01  0.000000e+00 -8.485240e-02
   endloop
 endfacet
 facet normal  0.000000e+00  1.000000e+00  0.000000e+00
   outer loop
     vertex -7.253968e-01  0.000000e+00  5.783069e-01
     vertex -2.063980e-01  0.000000e+00 -8.485240e-02
     vertex -7.253968e-01  0.000000e+00 -7.253968e-01
   endloop
 endfacet
 facet normal  0.000000e+00  1.000000e+00  0.000000e+00
   outer loop
     vertex  5.783069e-01  0.000000e+00 -7.253968e-01
     vertex -6.788611e-02  0.000000e+00 -2.067582e-01
     vertex -4.545437e-02  0.000000e+00 -2.038857e-01
   endloop
 endfacet
 facet normal  0.000000e+00  1.000000e+00  0.000000e+00
   outer loop
     vertex  5.783069e-01  0.000000e+00 -7.253968e-01
     vertex -4.545437e-02  0.000000e+00 -2.038857e-01
     vertex -2.383073e-02  0.000000e+00 -1.972635e-01
   endloop
 endfacet
 facet normal  0.000000e+00  1.000000e+00  0.000000e+00
   outer loop
     vertex  5.783069e-01  0.000000e+00 -7.253968e-01
     vertex -2.383073e-02  0.000000e+00 -1.972635e-01
     vertex -3.637291e-03  0.000000e+00 -1.870822e-01
   endloop
 endfacet
 facet normal  0.000000e+00  1.000000e+00  0.000000e+00
   outer loop
     vertex  5.783069e-01  0.000000e+00 -7.253968e-01
     vertex -3.637291e-03  0.000000e+00 -1.870822e-01
     vertex  1.454504e-02  0.000000e+00 -1.736346e-01
   endloop
 endfacet
 facet normal  0.000000e+00  1.000000e+00  0.000000e+00
   outer loop
     vertex  5.783069e-01  0.000000e+00 -7.253968e-01
     vertex -7.253968e-01  0.000000e+00 -7.253968e-01
     vertex -6.788611e-02  0.000000e+00 -2.067582e-01
   endloop
 endfacet
 facet normal  0.000000e+00  1.000000e+00  0.000000e+00
   outer loop
     vertex  3.019318e-02  0.000000e+00 -1.573076e-01
     vertex  5.783069e-01  0.000000e+00 -7.253968e-01
     vertex  1.454504e-02  0.000000e+00 -1.736346e-01
   endloop
 endfacet
 facet normal  0.000000e+00  1.000000e+00  0.000000e+00
   outer loop
     vertex -1.528294e-01  0.000000e+00  3.365469e-02
     vertex -1.698058e-01  0.000000e+00  1.871359e-02
     vertex -7.253968e-01  0.000000e+00  5.783069e-01
   endloop
 endfacet
 facet normal  0.000000e+00  1.000000e+00  0.000000e+00
   outer loop
     vertex  4.285696e-02  0.000000e+00 -1.385709e-01
     vertex  5.783069e-01  0.000000e+00 -7.253968e-01
     vertex  3.019318e-02  0.000000e+00 -1.573076e-01
   endloop
 endfacet
 facet normal  0.000000e+00  1.000000e+00  0.000000e+00
   outer loop
     vertex -1.335721e-01  0.000000e+00  4.551186e-02
     vertex -1.528294e-01  0.000000e+00  3.365469e-02
     vertex -7.253968e-01  0.000000e+00  5.783069e-01
   endloop
 endfacet
 facet normal  0.000000e+00  1.000000e+00  0.000000e+00
   outer loop
     vertex  5.217207e-02  0.000000e+00 -1.179636e-01
     vertex  5.783069e-01  0.000000e+00 -7.253968e-01
     vertex  4.285696e-02  0.000000e+00 -1.385709e-01
   endloop
 endfacet
 facet normal  0.000000e+00  1.000000e+00  0.000000e+00
   outer loop
     vertex -1.125880e-01  0.000000e+00  5.394398e-02
     vertex -1.335721e-01  0.000000e+00  4.551186e-02
     vertex -7.253968e-01  0.000000e+00  5.783069e-01
   endloop
 endfacet
 facet normal  0.000000e+00  1.000000e+00  0.000000e+00
   outer loop
     vertex  5.787053e-02  0.000000e+00 -9.607839e-02
     vertex  5.783069e-01  0.000000e+00 -7.253968e-01
     vertex  5.217207e-02  0.000000e+00 -1.179636e-01
   endloop
 endfacet
 facet normal  0.000000e+00  1.000000e+00  0.000000e+00
   outer loop
     vertex -9.048065e-02  0.000000e+00  5.870847e-02
     vertex -1.125880e-01  0.000000e+00  5.394398e-02
     vertex -7.253968e-01  0.000000e+00  5.783069e-01
   endloop
 endfacet
 facet normal  0.000000e+00  1.000000e+00  0.000000e+00
   outer loop
     vertex  5.978841e-02  0.000000e+00 -7.354494e-02
     vertex  5.783069e-01  0.000000e+00 -7.253968e-01
     vertex  5.787053e-02  0.000000e+00 -9.607839e-02
   endloop
 endfacet
 facet normal  0.000000e+00  1.000000e+00  0.000000e+00
   outer loop
     vertex -6.788611e-02  0.000000e+00  5.966828e-02
     vertex -9.048065e-02  0.000000e+00  5.870847e-02
     vertex -7.253968e-01  0.000000e+00  5.783069e-01
   endloop
 endfacet
 facet normal  0.000000e+00  1.000000e+00  0.000000e+00
   outer loop
     vertex  5.783069e-01  0.000000e+00  5.783069e-01
     vertex -6.788611e-02  0.000000e+00  5.966828e-02
     vertex -7.253968e-01  0.000000e+00  5.783069e-01
   endloop
 endfacet
 facet normal  0.000000e+00  1.000000e+00  0.000000e+00
   outer loop
     vertex  5.783069e-01  0.000000e+00  5.783069e-01
     vertex  5.978841e-02  0.000000e+00 -7.354494e-02
     vertex  5.787053e-02  0.000000e+00 -5.101149e-02
   endloop
 endfacet
 facet normal  0.000000e+00  1.000000e+00  0.000000e+00
   outer loop
     vertex  5.783069e-01  0.000000e+00  5.783069e-01
     vertex  5.787053e-02  0.000000e+00 -5.101149e-02
     vertex  5.217207e-02  0.000000e+00 -2.912629e-02
   endloop
 endfacet
 facet normal  0.000000e+00  1.000000e+00  0.000000e+00
   outer loop
     vertex  5.783069e-01  0.000000e+00  5.783069e-01
     vertex  5.217207e-02  0.000000e+00 -2.912629e-02
     vertex  4.285696e-02  0.000000e+00 -8.518937e-03
   endloop
 endfacet
 facet normal  0.000000e+00  1.000000e+00  0.000000e+00
   outer loop
     vertex  5.783069e-01  0.000000e+00  5.783069e-01
     vertex  4.285696e-02  0.000000e+00 -8.518937e-03
     vertex  3.019318e-02  0.000000e+00  1.021774e-02
   endloop
 endfacet
 facet normal  0.000000e+00  1.000000e+00  0.000000e+00
   outer loop
     vertex  5.783069e-01  0.000000e+00  5.783069e-01
     vertex  3.019318e-02  0.000000e+00  1.021774e-02
     vertex  1.454504e-02  0.000000e+00  2.654472e-02
   endloop
 endfacet
 facet normal  0.000000e+00  1.000000e+00  0.000000e+00
   outer loop
     vertex  5.783069e-01  0.000000e+00  5.783069e-01
     vertex  1.454504e-02  0.000000e+00  2.654472e-02
     vertex -3.637291e-03  0.000000e+00  3.999230e-02
   endloop
 endfacet
 facet normal  0.000000e+00  1.000000e+00  0.000000e+00
   outer loop
     vertex  5.783069e-01  0.000000e+00  5.783069e-01
     vertex -3.637291e-03  0.000000e+00  3.999230e-02
     vertex -2.383073e-02  0.000000e+00  5.017362e-02
   endloop
 endfacet
 facet normal  0.000000e+00  1.000000e+00  0.000000e+00
   outer loop
     vertex  5.783069e-01  0.000000e+00  5.783069e-01
     vertex -2.383073e-02  0.000000e+00  5.017362e-02
     vertex -4.545437e-02  0.000000e+00  5.679578e-02
   endloop
 endfacet
 facet normal  0.000000e+00  1.000000e+00  0.000000e+00
   outer loop
     vertex  5.783069e-01  0.000000e+00  5.783069e-01
     vertex -4.545437e-02  0.000000e+00  5.679578e-02
     vertex -6.788611e-02  0.000000e+00  5.966828e-02
   endloop
 endfacet
 facet normal  0.000000e+00  1.000000e+00  0.000000e+00
   outer loop
     vertex  5.783069e-01  0.000000e+00  5.783069e-01
     vertex  5.783069e-01  0.000000e+00 -7.253968e-01
     vertex  5.978841e-02  0.000000e+00 -7.354494e-02
   endloop
 endfacet
 facet normal  9.969173e-01  0.000000e+00  7.845910e-02
   outer loop
     vertex  9.103456e-02 -3.492064e-01 -3.797839e-02
     vertex  9.294536e-02 -9.841270e-01 -6.225746e-02
     vertex  9.294536e-02 -3.492064e-01 -6.225746e-02
   endloop
 endfacet
 facet normal  9.969173e-01 -5.144763e-18  7.845910e-02
   outer loop
     vertex  9.103456e-02 -3.492064e-01 -3.797839e-02
     vertex  9.103456e-02 -9.841270e-01 -3.797839e-02
     vertex  9.294536e-02 -9.841270e-01 -6.225746e-02
   endloop
 endfacet
 facet normal  9.723699e-01 -1.275634e-17  2.334454e-01
   outer loop
     vertex  8.534920e-02 -3.492064e-01 -1.429715e-02
     vertex  8.534920e-02 -9.841270e-01 -1.429715e-02
     vertex  9.103456e-02 -9.841270e-01 -3.797839e-02
   endloop
 endfacet
 facet normal  9.723699e-01 -1.577613e-17  2.334454e-01
   outer loop
     vertex  8.534920e-02 -3.492064e-01 -1.429715e-02
     vertex  9.103456e-02 -9.841270e-01 -3.797839e-02
     vertex  9.103456e-02 -3.492064e-01 -3.797839e-02
   endloop
 endfacet
 facet normal  9.238795e-01  2.365841e-17  3.826834e-01
   outer loop
     vertex  7.602927e-02 -3.492064e-01  8.203146e-03
     vertex  7.602927e-02 -9.841270e-01  8.203146e-03
     vertex  8.534920e-02 -9.841270e-01 -1.429715e-02
   endloop
 endfacet
 facet normal  9.238795e-01 -2.103484e-17  3.826834e-01
   outer loop
     vertex  7.602927e-02 -3.492064e-01  8.203146e-03
     vertex  8.534920e-02 -9.841270e-01 -1.429715e-02
     vertex  8.534920e-02 -3.492064e-01 -1.429715e-02
   endloop
 endfacet
 facet normal  8.526402e-01  1.402323e-17  5.224986e-01
   outer loop
     vertex  6.330426e-02 -3.492064e-01  2.896847e-02
     vertex  7.602927e-02 -9.841270e-01  8.203146e-03
     vertex  7.602927e-02 -3.492064e-01  8.203146e-03
   endloop
 endfacet
 facet normal  8.526402e-01 -3.426156e-17  5.224986e-01
   outer loop
     vertex  6.330426e-02 -3.492064e-01  2.896847e-02
     vertex  6.330426e-02 -9.841270e-01  2.896847e-02
     vertex  7.602927e-02 -9.841270e-01  8.203146e-03
   endloop
 endfacet
 facet normal  7.604060e-01 -4.206968e-17  6.494480e-01
   outer loop
     vertex  4.748751e-02 -3.492064e-01  4.748751e-02
     vertex  6.330426e-02 -9.841270e-01  2.896847e-02
     vertex  6.330426e-02 -3.492064e-01  2.896847e-02
   endloop
 endfacet
 facet normal  7.604060e-01  4.850529e-18  6.494480e-01
   outer loop
     vertex  4.748751e-02 -3.492064e-01  4.748751e-02
     vertex  4.748751e-02 -9.841270e-01  4.748751e-02
     vertex  6.330426e-02 -9.841270e-01  2.896847e-02
   endloop
 endfacet
 facet normal  6.494480e-01 -7.011613e-18  7.604060e-01
   outer loop
     vertex  2.896847e-02 -3.492064e-01  6.330426e-02
     vertex  4.748751e-02 -9.841270e-01  4.748751e-02
     vertex  4.748751e-02 -3.492064e-01  4.748751e-02
   endloop
 endfacet
 facet normal  6.494480e-01 -4.850529e-18  7.604060e-01
   outer loop
     vertex  2.896847e-02 -3.492064e-01  6.330426e-02
     vertex  2.896847e-02 -9.841270e-01  6.330426e-02
     vertex  4.748751e-02 -9.841270e-01  4.748751e-02
   endloop
 endfacet
 facet normal  5.224986e-01 -1.402323e-17  8.526402e-01
   outer loop
     vertex  8.203146e-03 -3.492064e-01  7.602927e-02
     vertex  2.896847e-02 -9.841270e-01  6.330426e-02
     vertex  2.896847e-02 -3.492064e-01  6.330426e-02
   endloop
 endfacet
 facet normal  5.224986e-01 -5.170534e-17  8.526402e-01
   outer loop
     vertex  8.203146e-03 -3.492064e-01  7.602927e-02
     vertex  8.203146e-03 -9.841270e-01  7.602927e-02
     vertex  2.896847e-02 -9.841270e-01  6.330426e-02
   endloop
 endfacet
 facet normal  3.826834e-01 -6.404583e-17  9.238795e-01
   outer loop
     vertex  8.203146e-03 -3.492064e-01  7.602927e-02
     vertex -1.429715e-02 -9.841270e-01  8.534920e-02
     vertex  8.203146e-03 -9.841270e-01  7.602927e-02
   endloop
 endfacet
 facet normal  3.826834e-01 -2.365841e-17  9.238795e-01
   outer loop
     vertex -1.429715e-02 -3.492064e-01  8.534920e-02
     vertex -1.429715e-02 -9.841270e-01  8.534920e-02
     vertex  8.203146e-03 -3.492064e-01  7.602927e-02
   endloop
 endfacet
 facet normal  2.334454e-01 -3.155226e-17  9.723699e-01
   outer loop
     vertex -3.797839e-02 -3.492064e-01  9.103456e-02
     vertex -1.429715e-02 -9.841270e-01  8.534920e-02
     vertex -1.429715e-02 -3.492064e-01  8.534920e-02
   endloop
 endfacet
 facet normal  2.334454e-01  1.530761e-17  9.723699e-01
   outer loop
     vertex -3.797839e-02 -3.492064e-01  9.103456e-02
     vertex -3.797839e-02 -9.841270e-01  9.103456e-02
     vertex -1.429715e-02 -9.841270e-01  8.534920e-02
   endloop
 endfacet
 facet normal  7.845910e-02  5.258710e-18  9.969173e-01
   outer loop
     vertex -6.225746e-02 -3.492064e-01  9.294536e-02
     vertex -3.797839e-02 -9.841270e-01  9.103456e-02
     vertex -3.797839e-02 -3.492064e-01  9.103456e-02
   endloop
 endfacet
 facet normal  7.845910e-02  4.287302e-18  9.969173e-01
   outer loop
     vertex -6.225746e-02 -3.492064e-01  9.294536e-02
     vertex -6.225746e-02 -9.841270e-01  9.294536e-02
     vertex -3.797839e-02 -9.841270e-01  9.103456e-02
   endloop
 endfacet
 facet normal -7.845910e-02 -4.382258e-18  9.969173e-01
   outer loop
     vertex -8.653653e-02 -3.492064e-01  9.103456e-02
     vertex -6.225746e-02 -9.841270e-01  9.294536e-02
     vertex -6.225746e-02 -3.492064e-01  9.294536e-02
   endloop
 endfacet
 facet normal -7.845910e-02 -3.429842e-18  9.969173e-01
   outer loop
     vertex -8.653653e-02 -3.492064e-01  9.103456e-02
     vertex -8.653653e-02 -9.841270e-01  9.103456e-02
     vertex -6.225746e-02 -9.841270e-01  9.294536e-02
   endloop
 endfacet
 facet normal -2.334454e-01 -8.764516e-18  9.723699e-01
   outer loop
     vertex -1.102178e-01 -3.492064e-01  8.534920e-02
     vertex -8.653653e-02 -9.841270e-01  9.103456e-02
     vertex -8.653653e-02 -3.492064e-01  9.103456e-02
   endloop
 endfacet
 facet normal -2.334454e-01  3.230211e-17  9.723699e-01
   outer loop
     vertex -1.102178e-01 -3.492064e-01  8.534920e-02
     vertex -1.102178e-01 -9.841270e-01  8.534920e-02
     vertex -8.653653e-02 -9.841270e-01  9.103456e-02
   endloop
 endfacet
 facet normal -3.826834e-01  2.454064e-17  9.238795e-01
   outer loop
     vertex -1.327181e-01 -3.492064e-01  7.602927e-02
     vertex -1.102178e-01 -9.841270e-01  8.534920e-02
     vertex -1.102178e-01 -3.492064e-01  8.534920e-02
   endloop
 endfacet
 facet normal -3.826834e-01  2.365841e-17  9.238795e-01
   outer loop
     vertex -1.327181e-01 -3.492064e-01  7.602927e-02
     vertex -1.327181e-01 -9.841270e-01  7.602927e-02
     vertex -1.102178e-01 -9.841270e-01  8.534920e-02
   endloop
 endfacet
 facet normal -5.224986e-01  1.443215e-17  8.526402e-01
   outer loop
     vertex -1.327181e-01 -3.492064e-01  7.602927e-02
     vertex -1.534834e-01 -9.841270e-01  6.330426e-02
     vertex -1.327181e-01 -9.841270e-01  7.602927e-02
   endloop
 endfacet
 facet normal -5.224986e-01 -2.284104e-17  8.526402e-01
   outer loop
     vertex -1.534834e-01 -3.492064e-01  6.330426e-02
     vertex -1.534834e-01 -9.841270e-01  6.330426e-02
     vertex -1.327181e-01 -3.492064e-01  7.602927e-02
   endloop
 endfacet
 facet normal -6.494480e-01 -2.804645e-17  7.604060e-01
   outer loop
     vertex -1.720024e-01 -3.492064e-01  4.748751e-02
     vertex -1.534834e-01 -9.841270e-01  6.330426e-02
     vertex -1.534834e-01 -3.492064e-01  6.330426e-02
   endloop
 endfacet
 facet normal -6.494480e-01  1.662059e-17  7.604060e-01
   outer loop
     vertex -1.720024e-01 -3.492064e-01  4.748751e-02
     vertex -1.720024e-01 -9.841270e-01  4.748751e-02
     vertex -1.534834e-01 -9.841270e-01  6.330426e-02
   endloop
 endfacet
 facet normal -7.604060e-01  1.419532e-17  6.494480e-01
   outer loop
     vertex -1.720024e-01 -3.492064e-01  4.748751e-02
     vertex -1.878192e-01 -9.841270e-01  2.896847e-02
     vertex -1.720024e-01 -9.841270e-01  4.748751e-02
   endloop
 endfacet
 facet normal -7.604060e-01  9.344792e-18  6.494480e-01
   outer loop
     vertex -1.878192e-01 -3.492064e-01  2.896847e-02
     vertex -1.878192e-01 -9.841270e-01  2.896847e-02
     vertex -1.720024e-01 -3.492064e-01  4.748751e-02
   endloop
 endfacet
 facet normal -8.526402e-01 -3.505806e-18  5.224986e-01
   outer loop
     vertex -2.005442e-01 -3.492064e-01  8.203146e-03
     vertex -1.878192e-01 -9.841270e-01  2.896847e-02
     vertex -1.878192e-01 -3.492064e-01  2.896847e-02
   endloop
 endfacet
 facet normal -8.526402e-01 -1.443215e-17  5.224986e-01
   outer loop
     vertex -2.005442e-01 -3.492064e-01  8.203146e-03
     vertex -2.005442e-01 -9.841270e-01  8.203146e-03
     vertex -1.878192e-01 -9.841270e-01  2.896847e-02
   endloop
 endfacet
 facet normal -9.238795e-01 -1.947615e-17  3.826834e-01
   outer loop
     vertex -2.098641e-01 -3.492064e-01 -1.429715e-02
     vertex -2.098641e-01 -9.841270e-01 -1.429715e-02
     vertex -2.005442e-01 -9.841270e-01  8.203146e-03
   endloop
 endfacet
 facet normal -9.238795e-01 -2.454064e-17  3.826834e-01
   outer loop
     vertex -2.098641e-01 -3.492064e-01 -1.429715e-02
     vertex -2.005442e-01 -9.841270e-01  8.203146e-03
     vertex -2.005442e-01 -3.492064e-01  8.203146e-03
   endloop
 endfacet
 facet normal -9.723699e-01  1.275634e-17  2.334454e-01
   outer loop
     vertex -2.155495e-01 -3.492064e-01 -3.797839e-02
     vertex -2.155495e-01 -9.841270e-01 -3.797839e-02
     vertex -2.098641e-01 -9.841270e-01 -1.429715e-02
   endloop
 endfacet
 facet normal -9.723699e-01 -2.979935e-17  2.334454e-01
   outer loop
     vertex -2.155495e-01 -3.492064e-01 -3.797839e-02
     vertex -2.098641e-01 -9.841270e-01 -1.429715e-02
     vertex -2.098641e-01 -3.492064e-01 -1.429715e-02
   endloop
 endfacet
 facet normal -9.969173e-01  5.144763e-18  7.845910e-02
   outer loop
     vertex -2.174603e-01 -3.492064e-01 -6.225746e-02
     vertex -2.174603e-01 -9.841270e-01 -6.225746e-02
     vertex -2.155495e-01 -9.841270e-01 -3.797839e-02
   endloop
 endfacet
 facet normal -9.969173e-01  4.382258e-18  7.845910e-02
   outer loop
     vertex -2.174603e-01 -3.492064e-01 -6.225746e-02
     vertex -2.155495e-01 -9.841270e-01 -3.797839e-02
     vertex -2.155495e-01 -3.492064e-01 -3.797839e-02
   endloop
 endfacet
 facet normal -9.969173e-01 -5.144763e-18 -7.845910e-02
   outer loop
     vertex -2.155495e-01 -3.492064e-01 -8.653653e-02
     vertex -2.155495e-01 -9.841270e-01 -8.653653e-02
     vertex -2.174603e-01 -9.841270e-01 -6.225746e-02
   endloop
 endfacet
 facet normal -9.723699e-01 -1.530761e-17 -2.334454e-01
   outer loop
     vertex -2.155495e-01 -3.492064e-01 -8.653653e-02
     vertex -2.098641e-01 -9.841270e-01 -1.102178e-01
     vertex -2.155495e-01 -9.841270e-01 -8.653653e-02
   endloop
 endfacet
 facet normal -9.969173e-01 -5.258710e-18 -7.845910e-02
   outer loop
     vertex -2.155495e-01 -3.492064e-01 -8.653653e-02
     vertex -2.174603e-01 -9.841270e-01 -6.225746e-02
     vertex -2.174603e-01 -3.492064e-01 -6.225746e-02
   endloop
 endfacet
 facet normal -9.723699e-01  2.719958e-17 -2.334454e-01
   outer loop
     vertex -2.098641e-01 -3.492064e-01 -1.102178e-01
     vertex -2.098641e-01 -9.841270e-01 -1.102178e-01
     vertex -2.155495e-01 -3.492064e-01 -8.653653e-02
   endloop
 endfacet
 facet normal -9.238795e-01  2.365841e-17 -3.826834e-01
   outer loop
     vertex -2.005442e-01 -3.492064e-01 -1.327181e-01
     vertex -2.005442e-01 -9.841270e-01 -1.327181e-01
     vertex -2.098641e-01 -9.841270e-01 -1.102178e-01
   endloop
 endfacet
 facet normal -9.238795e-01  1.577613e-17 -3.826834e-01
   outer loop
     vertex -2.005442e-01 -3.492064e-01 -1.327181e-01
     vertex -2.098641e-01 -9.841270e-01 -1.102178e-01
     vertex -2.098641e-01 -3.492064e-01 -1.102178e-01
   endloop
 endfacet
 facet normal -8.526402e-01  1.443215e-17 -5.224986e-01
   outer loop
     vertex -1.878192e-01 -3.492064e-01 -1.534834e-01
     vertex -1.878192e-01 -9.841270e-01 -1.534834e-01
     vertex -2.005442e-01 -9.841270e-01 -1.327181e-01
   endloop
 endfacet
 facet normal -7.604060e-01  4.850529e-18 -6.494480e-01
   outer loop
     vertex -1.878192e-01 -3.492064e-01 -1.534834e-01
     vertex -1.720024e-01 -9.841270e-01 -1.720024e-01
     vertex -1.878192e-01 -9.841270e-01 -1.534834e-01
   endloop
 endfacet
 facet normal -8.526402e-01  1.402323e-17 -5.224986e-01
   outer loop
     vertex -1.878192e-01 -3.492064e-01 -1.534834e-01
     vertex -2.005442e-01 -9.841270e-01 -1.327181e-01
     vertex -2.005442e-01 -3.492064e-01 -1.327181e-01
   endloop
 endfacet
 facet normal -7.604060e-01 -0.000000e+00 -6.494480e-01
   outer loop
     vertex -1.720024e-01 -3.492064e-01 -1.720024e-01
     vertex -1.720024e-01 -9.841270e-01 -1.720024e-01
     vertex -1.878192e-01 -3.492064e-01 -1.534834e-01
   endloop
 endfacet
 facet normal -6.494480e-01  2.839064e-17 -7.604060e-01
   outer loop
     vertex -1.534834e-01 -3.492064e-01 -1.878192e-01
     vertex -1.534834e-01 -9.841270e-01 -1.878192e-01
     vertex -1.720024e-01 -9.841270e-01 -1.720024e-01
   endloop
 endfacet
 facet normal -5.224986e-01  2.284104e-17 -8.526402e-01
   outer loop
     vertex -1.534834e-01 -3.492064e-01 -1.878192e-01
     vertex -1.327181e-01 -9.841270e-01 -2.005442e-01
     vertex -1.534834e-01 -9.841270e-01 -1.878192e-01
   endloop
 endfacet
 facet normal -6.494480e-01  0.000000e+00 -7.604060e-01
   outer loop
     vertex -1.534834e-01 -3.492064e-01 -1.878192e-01
     vertex -1.720024e-01 -9.841270e-01 -1.720024e-01
     vertex -1.720024e-01 -3.492064e-01 -1.720024e-01
   endloop
 endfacet
 facet normal -5.224986e-01 -1.443215e-17 -8.526402e-01
   outer loop
     vertex -1.327181e-01 -3.492064e-01 -2.005442e-01
     vertex -1.327181e-01 -9.841270e-01 -2.005442e-01
     vertex -1.534834e-01 -3.492064e-01 -1.878192e-01
   endloop
 endfacet
 facet normal -3.826834e-01 -2.365841e-17 -9.238795e-01
   outer loop
     vertex -1.102178e-01 -3.492064e-01 -2.098641e-01
     vertex -1.102178e-01 -9.841270e-01 -2.098641e-01
     vertex -1.327181e-01 -9.841270e-01 -2.005442e-01
   endloop
 endfacet
 facet normal -3.826834e-01 -2.454064e-17 -9.238795e-01
   outer loop
     vertex -1.102178e-01 -3.492064e-01 -2.098641e-01
     vertex -1.327181e-01 -9.841270e-01 -2.005442e-01
     vertex -1.327181e-01 -3.492064e-01 -2.005442e-01
   endloop
 endfacet
 facet normal -2.334454e-01  1.020507e-17 -9.723699e-01
   outer loop
     vertex -8.653653e-02 -3.492064e-01 -2.155495e-01
     vertex -8.653653e-02 -9.841270e-01 -2.155495e-01
     vertex -1.102178e-01 -9.841270e-01 -2.098641e-01
   endloop
 endfacet
 facet normal -2.334454e-01 -3.330516e-17 -9.723699e-01
   outer loop
     vertex -8.653653e-02 -3.492064e-01 -2.155495e-01
     vertex -1.102178e-01 -9.841270e-01 -2.098641e-01
     vertex -1.102178e-01 -3.492064e-01 -2.098641e-01
   endloop
 endfacet
 facet normal -7.845910e-02  3.505806e-18 -9.969173e-01
   outer loop
     vertex -6.225746e-02 -3.492064e-01 -2.174603e-01
     vertex -8.653653e-02 -9.841270e-01 -2.155495e-01
     vertex -8.653653e-02 -3.492064e-01 -2.155495e-01
   endloop
 endfacet
