solid 
 facet normal  0.000000e+00 -1.000000e+00  0.000000e+00
   outer loop
     vertex  4.417990e-01 -5.825397e-01 -1.587302e-02
     vertex -5.825397e-01 -5.825397e-01  9.523810e-01
     vertex -5.825397e-01 -5.825397e-01 -1.587302e-02
   endloop
 endfacet
 facet normal  0.000000e+00 -1.000000e+00  0.000000e+00
   outer loop
     vertex  4.417990e-01 -5.825397e-01 -1.587302e-02
     vertex  4.417990e-01 -5.825397e-01  9.523810e-01
     vertex -5.825397e-01 -5.825397e-01  9.523810e-01
   endloop
 endfacet
 facet normal -1.000000e+00  0.000000e+00  0.000000e+00
   outer loop
     vertex -5.825397e-01 -5.825397e-01 -1.587302e-02
     vertex -5.825397e-01  4.417990e-01  9.523810e-01
     vertex -5.825397e-01  4.417990e-01 -1.587302e-02
   endloop
 endfacet
 facet normal -1.000000e+00  0.000000e+00  0.000000e+00
   outer loop
     vertex -5.825397e-01 -5.825397e-01 -1.587302e-02
     vertex -5.825397e-01 -5.825397e-01  9.523810e-01
     vertex -5.825397e-01  4.417990e-01  9.523810e-01
   endloop
 endfacet
 facet normal  1.000000e+00  0.000000e+00  0.000000e+00
   outer loop
     vertex  4.417990e-01  4.417990e-01 -1.587302e-02
     vertex  4.417990e-01 -5.825397e-01  9.523810e-01
     vertex  4.417990e-01 -5.825397e-01 -1.587302e-02
   endloop
 endfacet
 facet normal  1.000000e+00  0.000000e+00 -0.000000e+00
   outer loop
     vertex  4.417990e-01  4.417990e-01 -1.587302e-02
     vertex  4.417990e-01  4.417990e-01  9.523810e-01
     vertex  4.417990e-01 -5.825397e-01  9.523810e-01
   endloop
 endfacet
 facet normal -0.000000e+00 -1.000000e+00  0.000000e+00
   outer loop
     vertex  4.417990e-01 -5.825397e-01 -1.587302e-02
     vertex -5.825397e-01 -5.825397e-01 -1.587302e-02
     vertex -5.825397e-01 -5.825397e-01 -3.174603e-02
   endloop
 endfacet
 facet normal  0.000000e+00 -1.000000e+00 -0.000000e+00
   outer loop
     vertex  4.417990e-01 -5.825397e-01 -1.587302e-02
     vertex -5.825397e-01 -5.825397e-01 -3.174603e-02
     vertex  4.417990e-01 -5.825397e-01 -3.174603e-02
   endloop
 endfacet
 facet normal  0.000000e+00  0.000000e+00  1.000000e+00
   outer loop
     vertex -2.622173e-01 -2.396881e-01  9.523810e-01
     vertex -5.825397e-01 -5.825397e-01  9.523810e-01
     vertex -2.396881e-01 -2.622173e-01  9.523810e-01
   endloop
 endfacet
 facet normal  0.000000e+00  0.000000e+00  1.000000e+00
   outer loop
     vertex -2.146075e-01 -2.818666e-01  9.523810e-01
     vertex -2.396881e-01 -2.622173e-01  9.523810e-01
     vertex -5.825397e-01 -5.825397e-01  9.523810e-01
   endloop
 endfacet
 facet normal  0.000000e+00  0.000000e+00  1.000000e+00
   outer loop
     vertex -2.818666e-01 -2.146075e-01  9.523810e-01
     vertex -5.825397e-01 -5.825397e-01  9.523810e-01
     vertex -2.622173e-01 -2.396881e-01  9.523810e-01
   endloop
 endfacet
 facet normal  0.000000e+00  0.000000e+00  1.000000e+00
   outer loop
     vertex -1.873414e-01 -2.983496e-01  9.523810e-01
     vertex -2.146075e-01 -2.818666e-01  9.523810e-01
     vertex -5.825397e-01 -5.825397e-01  9.523810e-01
   endloop
 endfacet
 facet normal  0.000000e+00  0.000000e+00  1.000000e+00
   outer loop
     vertex -2.983496e-01 -1.873414e-01  9.523810e-01
     vertex -5.825397e-01 -5.825397e-01  9.523810e-01
     vertex -2.818666e-01 -2.146075e-01  9.523810e-01
   endloop
 endfacet
 facet normal  0.000000e+00  0.000000e+00  1.000000e+00
   outer loop
     vertex -1.582873e-01 -3.114258e-01  9.523810e-01
     vertex -1.873414e-01 -2.983496e-01  9.523810e-01
     vertex -5.825397e-01 -5.825397e-01  9.523810e-01
   endloop
 endfacet
 facet normal  0.000000e+00  0.000000e+00  1.000000e+00
   outer loop
     vertex -3.114258e-01 -1.582873e-01  9.523810e-01
     vertex -5.825397e-01 -5.825397e-01  9.523810e-01
     vertex -2.983496e-01 -1.873414e-01  9.523810e-01
   endloop
 endfacet
 facet normal  0.000000e+00  0.000000e+00  1.000000e+00
   outer loop
     vertex -1.278688e-01 -3.209046e-01  9.523810e-01
     vertex -1.582873e-01 -3.114258e-01  9.523810e-01
     vertex -5.825397e-01 -5.825397e-01  9.523810e-01
   endloop
 endfacet
 facet normal  0.000000e+00  0.000000e+00  1.000000e+00
   outer loop
     vertex -3.209046e-01 -1.278688e-01  9.523810e-01
     vertex -5.825397e-01 -5.825397e-01  9.523810e-01
     vertex -3.114258e-01 -1.582873e-01  9.523810e-01
   endloop
 endfacet
 facet normal  0.000000e+00  0.000000e+00  1.000000e+00
   outer loop
     vertex -9.652957e-02 -3.266477e-01  9.523810e-01
     vertex -1.278688e-01 -3.209046e-01  9.523810e-01
     vertex -5.825397e-01 -5.825397e-01  9.523810e-01
   endloop
 endfacet
 facet normal  0.000000e+00  0.000000e+00  1.000000e+00
   outer loop
     vertex -3.266477e-01 -9.652957e-02  9.523810e-01
     vertex -5.825397e-01 -5.825397e-01  9.523810e-01
     vertex -3.209046e-01 -1.278688e-01  9.523810e-01
   endloop
 endfacet
 facet normal  0.000000e+00  0.000000e+00  1.000000e+00
   outer loop
     vertex -6.472660e-02 -3.285714e-01  9.523810e-01
     vertex -9.652957e-02 -3.266477e-01  9.523810e-01
     vertex -5.825397e-01 -5.825397e-01  9.523810e-01
   endloop
 endfacet
 facet normal  0.000000e+00  0.000000e+00  1.000000e+00
   outer loop
     vertex -3.285714e-01 -6.472660e-02  9.523810e-01
     vertex -5.825397e-01 -5.825397e-01  9.523810e-01
     vertex -3.266477e-01 -9.652957e-02  9.523810e-01
   endloop
 endfacet
 facet normal  0.000000e+00  0.000000e+00  1.000000e+00
   outer loop
     vertex -5.825397e-01  4.417990e-01  9.523810e-01
     vertex -2.818666e-01  8.515433e-02  9.523810e-01
     vertex -2.622173e-01  1.102349e-01  9.523810e-01
   endloop
 endfacet
 facet normal  0.000000e+00  0.000000e+00  1.000000e+00
   outer loop
     vertex -5.825397e-01  4.417990e-01  9.523810e-01
     vertex -2.983496e-01  5.788820e-02  9.523810e-01
     vertex -2.818666e-01  8.515433e-02  9.523810e-01
   endloop
 endfacet
 facet normal  0.000000e+00  0.000000e+00  1.000000e+00
   outer loop
     vertex -5.825397e-01  4.417990e-01  9.523810e-01
     vertex -3.114258e-01  2.883406e-02  9.523810e-01
     vertex -2.983496e-01  5.788820e-02  9.523810e-01
   endloop
 endfacet
 facet normal  0.000000e+00  0.000000e+00  1.000000e+00
   outer loop
     vertex -5.825397e-01  4.417990e-01  9.523810e-01
     vertex -3.209046e-01 -1.584403e-03  9.523810e-01
     vertex -3.114258e-01  2.883406e-02  9.523810e-01
   endloop
 endfacet
 facet normal  0.000000e+00  0.000000e+00  1.000000e+00
   outer loop
     vertex -5.825397e-01  4.417990e-01  9.523810e-01
     vertex -3.266477e-01 -3.292362e-02  9.523810e-01
     vertex -3.209046e-01 -1.584403e-03  9.523810e-01
   endloop
 endfacet
 facet normal  0.000000e+00  0.000000e+00  1.000000e+00
   outer loop
     vertex -5.825397e-01  4.417990e-01  9.523810e-01
     vertex -3.285714e-01 -6.472660e-02  9.523810e-01
     vertex -3.266477e-01 -3.292362e-02  9.523810e-01
   endloop
 endfacet
 facet normal  0.000000e+00  0.000000e+00  1.000000e+00
   outer loop
     vertex -5.825397e-01  4.417990e-01  9.523810e-01
     vertex -5.825397e-01 -5.825397e-01  9.523810e-01
     vertex -3.285714e-01 -6.472660e-02  9.523810e-01
   endloop
 endfacet
 facet normal  0.000000e+00  0.000000e+00  1.000000e+00
   outer loop
     vertex  4.417990e-01 -5.825397e-01  9.523810e-01
     vertex -3.292362e-02 -3.266477e-01  9.523810e-01
     vertex -6.472660e-02 -3.285714e-01  9.523810e-01
   endloop
 endfacet
 facet normal  0.000000e+00  0.000000e+00  1.000000e+00
   outer loop
     vertex  4.417990e-01 -5.825397e-01  9.523810e-01
     vertex -1.584403e-03 -3.209046e-01  9.523810e-01
     vertex -3.292362e-02 -3.266477e-01  9.523810e-01
   endloop
 endfacet
 facet normal  0.000000e+00  0.000000e+00  1.000000e+00
   outer loop
     vertex  4.417990e-01 -5.825397e-01  9.523810e-01
     vertex  2.883406e-02 -3.114258e-01  9.523810e-01
     vertex -1.584403e-03 -3.209046e-01  9.523810e-01
   endloop
 endfacet
 facet normal  0.000000e+00  0.000000e+00  1.000000e+00
   outer loop
     vertex  4.417990e-01 -5.825397e-01  9.523810e-01
     vertex  5.788820e-02 -2.983496e-01  9.523810e-01
     vertex  2.883406e-02 -3.114258e-01  9.523810e-01
   endloop
 endfacet
 facet normal  0.000000e+00  0.000000e+00  1.000000e+00
   outer loop
     vertex  4.417990e-01 -5.825397e-01  9.523810e-01
     vertex  8.515433e-02 -2.818666e-01  9.523810e-01
     vertex  5.788820e-02 -2.983496e-01  9.523810e-01
   endloop
 endfacet
 facet normal  0.000000e+00  0.000000e+00  1.000000e+00
   outer loop
     vertex  4.417990e-01 -5.825397e-01  9.523810e-01
     vertex  1.102349e-01 -2.622173e-01  9.523810e-01
     vertex  8.515433e-02 -2.818666e-01  9.523810e-01
   endloop
 endfacet
 facet normal  0.000000e+00  0.000000e+00  1.000000e+00
   outer loop
     vertex  4.417990e-01 -5.825397e-01  9.523810e-01
     vertex -6.472660e-02 -3.285714e-01  9.523810e-01
     vertex -5.825397e-01 -5.825397e-01  9.523810e-01
   endloop
 endfacet
 facet normal  0.000000e+00  0.000000e+00  1.000000e+00
   outer loop
     vertex -2.396881e-01  1.327641e-01  9.523810e-01
     vertex -5.825397e-01  4.417990e-01  9.523810e-01
     vertex -2.622173e-01  1.102349e-01  9.523810e-01
   endloop
 endfacet
 facet normal  0.000000e+00  0.000000e+00  1.000000e+00
   outer loop
     vertex  1.327641e-01 -2.396881e-01  9.523810e-01
     vertex  1.102349e-01 -2.622173e-01  9.523810e-01
     vertex  4.417990e-01 -5.825397e-01  9.523810e-01
   endloop
 endfacet
 facet normal  0.000000e+00  0.000000e+00  1.000000e+00
   outer loop
     vertex -2.146075e-01  1.524134e-01  9.523810e-01
     vertex -5.825397e-01  4.417990e-01  9.523810e-01
     vertex -2.396881e-01  1.327641e-01  9.523810e-01
   endloop
 endfacet
 facet normal  0.000000e+00  0.000000e+00  1.000000e+00
   outer loop
     vertex  1.524134e-01 -2.146075e-01  9.523810e-01
     vertex  1.327641e-01 -2.396881e-01  9.523810e-01
     vertex  4.417990e-01 -5.825397e-01  9.523810e-01
   endloop
 endfacet
 facet normal  0.000000e+00  0.000000e+00  1.000000e+00
   outer loop
     vertex -1.873414e-01  1.688964e-01  9.523810e-01
     vertex -5.825397e-01  4.417990e-01  9.523810e-01
     vertex -2.146075e-01  1.524134e-01  9.523810e-01
   endloop
 endfacet
 facet normal  0.000000e+00  0.000000e+00  1.000000e+00
   outer loop
     vertex  1.688964e-01 -1.873414e-01  9.523810e-01
     vertex  1.524134e-01 -2.146075e-01  9.523810e-01
     vertex  4.417990e-01 -5.825397e-01  9.523810e-01
   endloop
 endfacet
 facet normal  0.000000e+00  0.000000e+00  1.000000e+00
   outer loop
     vertex -1.582873e-01  1.819726e-01  9.523810e-01
     vertex -5.825397e-01  4.417990e-01  9.523810e-01
     vertex -1.873414e-01  1.688964e-01  9.523810e-01
   endloop
 endfacet
 facet normal  0.000000e+00  0.000000e+00  1.000000e+00
   outer loop
     vertex  1.819726e-01 -1.582873e-01  9.523810e-01
     vertex  1.688964e-01 -1.873414e-01  9.523810e-01
     vertex  4.417990e-01 -5.825397e-01  9.523810e-01
   endloop
 endfacet
 facet normal  0.000000e+00  0.000000e+00  1.000000e+00
   outer loop
     vertex -1.278688e-01  1.914514e-01  9.523810e-01
     vertex -5.825397e-01  4.417990e-01  9.523810e-01
     vertex -1.582873e-01  1.819726e-01  9.523810e-01
   endloop
 endfacet
 facet normal  0.000000e+00  0.000000e+00  1.000000e+00
   outer loop
     vertex  1.914514e-01 -1.278688e-01  9.523810e-01
     vertex  1.819726e-01 -1.582873e-01  9.523810e-01
     vertex  4.417990e-01 -5.825397e-01  9.523810e-01
   endloop
 endfacet
 facet normal  0.000000e+00  0.000000e+00  1.000000e+00
   outer loop
     vertex -9.652957e-02  1.971945e-01  9.523810e-01
     vertex -5.825397e-01  4.417990e-01  9.523810e-01
     vertex -1.278688e-01  1.914514e-01  9.523810e-01
   endloop
 endfacet
 facet normal  0.000000e+00  0.000000e+00  1.000000e+00
   outer loop
     vertex  1.971945e-01 -9.652957e-02  9.523810e-01
     vertex  1.914514e-01 -1.278688e-01  9.523810e-01
     vertex  4.417990e-01 -5.825397e-01  9.523810e-01
   endloop
 endfacet
 facet normal  0.000000e+00  0.000000e+00  1.000000e+00
   outer loop
     vertex  1.991182e-01 -6.472660e-02  9.523810e-01
     vertex  1.971945e-01 -9.652957e-02  9.523810e-01
     vertex  4.417990e-01 -5.825397e-01  9.523810e-01
   endloop
 endfacet
 facet normal  0.000000e+00  0.000000e+00  1.000000e+00
   outer loop
     vertex -6.472660e-02  1.991182e-01  9.523810e-01
     vertex -5.825397e-01  4.417990e-01  9.523810e-01
     vertex -9.652957e-02  1.971945e-01  9.523810e-01
   endloop
 endfacet
 facet normal  0.000000e+00  0.000000e+00  1.000000e+00
   outer loop
     vertex  4.417990e-01  4.417990e-01  9.523810e-01
     vertex  1.971945e-01 -3.292362e-02  9.523810e-01
     vertex  1.991182e-01 -6.472660e-02  9.523810e-01
   endloop
 endfacet
 facet normal  0.000000e+00  0.000000e+00  1.000000e+00
   outer loop
     vertex  4.417990e-01  4.417990e-01  9.523810e-01
     vertex  1.914514e-01 -1.584403e-03  9.523810e-01
     vertex  1.971945e-01 -3.292362e-02  9.523810e-01
   endloop
 endfacet
 facet normal  0.000000e+00  0.000000e+00  1.000000e+00
   outer loop
     vertex  4.417990e-01  4.417990e-01  9.523810e-01
     vertex  1.819726e-01  2.883406e-02  9.523810e-01
     vertex  1.914514e-01 -1.584403e-03  9.523810e-01
   endloop
 endfacet
 facet normal  0.000000e+00  0.000000e+00  1.000000e+00
   outer loop
     vertex  4.417990e-01  4.417990e-01  9.523810e-01
     vertex  1.688964e-01  5.788820e-02  9.523810e-01
     vertex  1.819726e-01  2.883406e-02  9.523810e-01
   endloop
 endfacet
 facet normal  0.000000e+00  0.000000e+00  1.000000e+00
   outer loop
     vertex  4.417990e-01  4.417990e-01  9.523810e-01
     vertex  1.524134e-01  8.515433e-02  9.523810e-01
     vertex  1.688964e-01  5.788820e-02  9.523810e-01
   endloop
 endfacet
 facet normal  0.000000e+00  0.000000e+00  1.000000e+00
   outer loop
     vertex  4.417990e-01  4.417990e-01  9.523810e-01
     vertex  1.327641e-01  1.102349e-01  9.523810e-01
     vertex  1.524134e-01  8.515433e-02  9.523810e-01
   endloop
 endfacet
 facet normal  0.000000e+00  0.000000e+00  1.000000e+00
   outer loop
     vertex  4.417990e-01  4.417990e-01  9.523810e-01
     vertex  1.102349e-01  1.327641e-01  9.523810e-01
     vertex  1.327641e-01  1.102349e-01  9.523810e-01
   endloop
 endfacet
 facet normal  0.000000e+00  0.000000e+00  1.000000e+00
   outer loop
     vertex  4.417990e-01  4.417990e-01  9.523810e-01
     vertex  8.515433e-02  1.524134e-01  9.523810e-01
     vertex  1.102349e-01  1.327641e-01  9.523810e-01
   endloop
 endfacet
 facet normal  0.000000e+00  0.000000e+00  1.000000e+00
   outer loop
     vertex  4.417990e-01  4.417990e-01  9.523810e-01
     vertex  5.788820e-02  1.688964e-01  9.523810e-01
     vertex  8.515433e-02  1.524134e-01  9.523810e-01
   endloop
 endfacet
 facet normal  0.000000e+00  0.000000e+00  1.000000e+00
   outer loop
     vertex  4.417990e-01  4.417990e-01  9.523810e-01
     vertex  2.883406e-02  1.819726e-01  9.523810e-01
     vertex  5.788820e-02  1.688964e-01  9.523810e-01
   endloop
 endfacet
 facet normal  0.000000e+00  0.000000e+00  1.000000e+00
   outer loop
     vertex  4.417990e-01  4.417990e-01  9.523810e-01
     vertex -1.584403e-03  1.914514e-01  9.523810e-01
     vertex  2.883406e-02  1.819726e-01  9.523810e-01
   endloop
 endfacet
 facet normal  0.000000e+00  0.000000e+00  1.000000e+00
   outer loop
     vertex  4.417990e-01  4.417990e-01  9.523810e-01
     vertex -3.292362e-02  1.971945e-01  9.523810e-01
     vertex -1.584403e-03  1.914514e-01  9.523810e-01
   endloop
 endfacet
 facet normal  0.000000e+00  0.000000e+00  1.000000e+00
   outer loop
     vertex  4.417990e-01  4.417990e-01  9.523810e-01
     vertex -6.472660e-02  1.991182e-01  9.523810e-01
     vertex -3.292362e-02  1.971945e-01  9.523810e-01
   endloop
 endfacet
 facet normal  0.000000e+00  0.000000e+00  1.000000e+00
   outer loop
     vertex  4.417990e-01  4.417990e-01  9.523810e-01
     vertex  1.991182e-01 -6.472660e-02  9.523810e-01
     vertex  4.417990e-01 -5.825397e-01  9.523810e-01
   endloop
 endfacet
 facet normal  0.000000e+00  0.000000e+00  1.000000e+00
   outer loop
     vertex  4.417990e-01  4.417990e-01  9.523810e-01
     vertex -5.825397e-01  4.417990e-01  9.523810e-01
     vertex -6.472660e-02  1.991182e-01  9.523810e-01
   endloop
 endfacet
 facet normal  0.000000e+00  1.000000e+00  0.000000e+00
   outer loop
     vertex -5.825397e-01  4.417990e-01 -1.587302e-02
     vertex  4.417990e-01  4.417990e-01  9.523810e-01
     vertex  4.417990e-01  4.417990e-01 -1.587302e-02
   endloop
 endfacet
 facet normal  0.000000e+00  1.000000e+00  0.000000e+00
   outer loop
     vertex -5.825397e-01  4.417990e-01 -1.587302e-02
     vertex -5.825397e-01  4.417990e-01  9.523810e-01
     vertex  4.417990e-01  4.417990e-01  9.523810e-01
   endloop
 endfacet
 facet normal -1.000000e+00  0.000000e+00  0.000000e+00
   outer loop
     vertex -5.825397e-01 -5.825397e-01 -1.587302e-02
     vertex -5.825397e-01  4.417990e-01 -1.587302e-02
     vertex -5.825397e-01  4.417990e-01 -3.174603e-02
   endloop
 endfacet
 facet normal -1.000000e+00  0.000000e+00  0.000000e+00
   outer loop
     vertex -5.825397e-01 -5.825397e-01 -1.587302e-02
     vertex -5.825397e-01  4.417990e-01 -3.174603e-02
     vertex -5.825397e-01 -5.825397e-01 -3.174603e-02
   endloop
 endfacet
 facet normal  1.000000e+00  0.000000e+00  0.000000e+00
   outer loop
     vertex  4.417990e-01  4.417990e-01 -1.587302e-02
     vertex  4.417990e-01 -5.825397e-01 -1.587302e-02
     vertex  4.417990e-01 -5.825397e-01 -3.174603e-02
   endloop
 endfacet
 facet normal  1.000000e+00  0.000000e+00  0.000000e+00
   outer loop
     vertex  4.417990e-01  4.417990e-01 -1.587302e-02
     vertex  4.417990e-01 -5.825397e-01 -3.174603e-02
     vertex  4.417990e-01  4.417990e-01 -3.174603e-02
   endloop
 endfacet
 facet normal  0.000000e+00 -0.000000e+00 -1.000000e+00
   outer loop
     vertex  4.417990e-01  4.417990e-01 -3.174603e-02
     vertex  4.417990e-01 -5.825397e-01 -3.174603e-02
     vertex -5.825397e-01 -5.825397e-01 -3.174603e-02
   endloop
 endfacet
 facet normal -0.000000e+00  0.000000e+00 -1.000000e+00
   outer loop
     vertex  4.417990e-01  4.417990e-01 -3.174603e-02
     vertex -5.825397e-01 -5.825397e-01 -3.174603e-02
     vertex -5.825397e-01  4.417990e-01 -3.174603e-02
   endloop
 endfacet
 facet normal  9.981756e-01  6.037850e-02  0.000000e+00
   outer loop
     vertex  1.971945e-01 -3.292362e-02  9.682540e-01
     vertex  1.991182e-01 -6.472660e-02  9.682540e-01
     vertex  1.991182e-01 -6.472660e-02  9.523810e-01
   endloop
 endfacet
 facet normal  9.981756e-01  6.037850e-02  0.000000e+00
   outer loop
     vertex  1.971945e-01 -3.292362e-02  9.682540e-01
     vertex  1.991182e-01 -6.472660e-02  9.523810e-01
     vertex  1.971945e-01 -3.292362e-02  9.523810e-01
   endloop
 endfacet
 facet normal  9.836199e-01  1.802550e-01  0.000000e+00
   outer loop
     vertex  1.914514e-01 -1.584403e-03  9.682540e-01
     vertex  1.971945e-01 -3.292362e-02  9.523810e-01
     vertex  1.914514e-01 -1.584403e-03  9.523810e-01
   endloop
 endfacet
 facet normal  9.836199e-01  1.802550e-01  0.000000e+00
   outer loop
     vertex  1.914514e-01 -1.584403e-03  9.682540e-01
     vertex  1.971945e-01 -3.292362e-02  9.682540e-01
     vertex  1.971945e-01 -3.292362e-02  9.523810e-01
   endloop
 endfacet
 facet normal  9.547209e-01  2.975031e-01  0.000000e+00
   outer loop
     vertex  1.819726e-01  2.883406e-02  9.682540e-01
     vertex  1.914514e-01 -1.584403e-03  9.523810e-01
     vertex  1.819726e-01  2.883406e-02  9.523810e-01
   endloop
 endfacet
 facet normal  9.547209e-01  2.975031e-01  0.000000e+00
   outer loop
     vertex  1.819726e-01  2.883406e-02  9.682540e-01
     vertex  1.914514e-01 -1.584403e-03  9.682540e-01
     vertex  1.914514e-01 -1.584403e-03  9.523810e-01
   endloop
 endfacet
 facet normal  9.118998e-01  4.104128e-01  0.000000e+00
   outer loop
     vertex  1.688964e-01  5.788820e-02  9.682540e-01
     vertex  1.819726e-01  2.883406e-02  9.523810e-01
     vertex  1.688964e-01  5.788820e-02  9.523810e-01
   endloop
 endfacet
 facet normal  9.118998e-01  4.104128e-01  0.000000e+00
   outer loop
     vertex  1.688964e-01  5.788820e-02  9.682540e-01
     vertex  1.819726e-01  2.883406e-02  9.682540e-01
     vertex  1.819726e-01  2.883406e-02  9.523810e-01
   endloop
 endfacet
 facet normal  8.557813e-01  5.173378e-01  0.000000e+00
   outer loop
     vertex  1.524134e-01  8.515433e-02  9.682540e-01
     vertex  1.688964e-01  5.788820e-02  9.523810e-01
     vertex  1.524134e-01  8.515433e-02  9.523810e-01
   endloop
 endfacet
 facet normal  8.557813e-01  5.173378e-01  0.000000e+00
   outer loop
     vertex  1.524134e-01  8.515433e-02  9.682540e-01
     vertex  1.688964e-01  5.788820e-02  9.682540e-01
     vertex  1.688964e-01  5.788820e-02  9.523810e-01
   endloop
 endfacet
 facet normal  7.871835e-01  6.167189e-01  0.000000e+00
   outer loop
     vertex  1.327641e-01  1.102349e-01  9.682540e-01
     vertex  1.524134e-01  8.515433e-02  9.523810e-01
     vertex  1.327641e-01  1.102349e-01  9.523810e-01
   endloop
 endfacet
 facet normal  7.871835e-01  6.167189e-01  0.000000e+00
   outer loop
     vertex  1.327641e-01  1.102349e-01  9.682540e-01
     vertex  1.524134e-01  8.515433e-02  9.682540e-01
     vertex  1.524134e-01  8.515433e-02  9.523810e-01
   endloop
 endfacet
 facet normal  7.071068e-01  7.071068e-01  0.000000e+00
   outer loop
     vertex  1.102349e-01  1.327641e-01  9.682540e-01
     vertex  1.327641e-01  1.102349e-01  9.523810e-01
     vertex  1.102349e-01  1.327641e-01  9.523810e-01
   endloop
 endfacet
 facet normal  7.071068e-01  7.071068e-01  0.000000e+00
   outer loop
     vertex  1.102349e-01  1.327641e-01  9.682540e-01
     vertex  1.327641e-01  1.102349e-01  9.682540e-01
     vertex  1.327641e-01  1.102349e-01  9.523810e-01
   endloop
 endfacet
 facet normal  6.167189e-01  7.871835e-01  0.000000e+00
   outer loop
     vertex  8.515433e-02  1.524134e-01  9.682540e-01
     vertex  1.102349e-01  1.327641e-01  9.523810e-01
     vertex  8.515433e-02  1.524134e-01  9.523810e-01
   endloop
 endfacet
 facet normal  6.167189e-01  7.871835e-01  0.000000e+00
   outer loop
     vertex  8.515433e-02  1.524134e-01  9.682540e-01
     vertex  1.102349e-01  1.327641e-01  9.682540e-01
     vertex  1.102349e-01  1.327641e-01  9.523810e-01
   endloop
 endfacet
 facet normal  5.173378e-01  8.557813e-01  0.000000e+00
   outer loop
     vertex  5.788820e-02  1.688964e-01  9.682540e-01
     vertex  8.515433e-02  1.524134e-01  9.523810e-01
     vertex  5.788820e-02  1.688964e-01  9.523810e-01
   endloop
 endfacet
 facet normal  5.173378e-01  8.557813e-01  0.000000e+00
   outer loop
     vertex  5.788820e-02  1.688964e-01  9.682540e-01
     vertex  8.515433e-02  1.524134e-01  9.682540e-01
     vertex  8.515433e-02  1.524134e-01  9.523810e-01
   endloop
 endfacet
 facet normal  4.104128e-01  9.118998e-01  0.000000e+00
   outer loop
     vertex  2.883406e-02  1.819726e-01  9.682540e-01
     vertex  5.788820e-02  1.688964e-01  9.523810e-01
     vertex  2.883406e-02  1.819726e-01  9.523810e-01
   endloop
 endfacet
 facet normal  4.104128e-01  9.118998e-01  0.000000e+00
   outer loop
     vertex  2.883406e-02  1.819726e-01  9.682540e-01
     vertex  5.788820e-02  1.688964e-01  9.682540e-01
     vertex  5.788820e-02  1.688964e-01  9.523810e-01
   endloop
 endfacet
 facet normal  2.975031e-01  9.547209e-01  0.000000e+00
   outer loop
     vertex -1.584403e-03  1.914514e-01  9.682540e-01
     vertex  2.883406e-02  1.819726e-01  9.523810e-01
     vertex -1.584403e-03  1.914514e-01  9.523810e-01
   endloop
 endfacet
 facet normal  2.975031e-01  9.547209e-01  0.000000e+00
   outer loop
     vertex -1.584403e-03  1.914514e-01  9.682540e-01
     vertex  2.883406e-02  1.819726e-01  9.682540e-01
     vertex  2.883406e-02  1.819726e-01  9.523810e-01
   endloop
 endfacet
 facet normal  1.802550e-01  9.836199e-01  0.000000e+00
   outer loop
     vertex -3.292362e-02  1.971945e-01  9.682540e-01
     vertex -1.584403e-03  1.914514e-01  9.523810e-01
     vertex -3.292362e-02  1.971945e-01  9.523810e-01
   endloop
 endfacet
 facet normal  1.802550e-01  9.836199e-01  0.000000e+00
   outer loop
     vertex -3.292362e-02  1.971945e-01  9.682540e-01
     vertex -1.584403e-03  1.914514e-01  9.682540e-01
     vertex -1.584403e-03  1.914514e-01  9.523810e-01
   endloop
 endfacet
 facet normal  6.037850e-02  9.981756e-01  0.000000e+00
   outer loop
     vertex -6.472660e-02  1.991182e-01  9.682540e-01
     vertex -3.292362e-02  1.971945e-01  9.523810e-01
     vertex -6.472660e-02  1.991182e-01  9.523810e-01
   endloop
 endfacet
 facet normal  6.037850e-02  9.981756e-01  0.000000e+00
   outer loop
     vertex -6.472660e-02  1.991182e-01  9.682540e-01
     vertex -3.292362e-02  1.971945e-01  9.682540e-01
     vertex -3.292362e-02  1.971945e-01  9.523810e-01
   endloop
 endfacet
 facet normal -6.037850e-02  9.981756e-01  0.000000e+00
   outer loop
     vertex -9.652957e-02  1.971945e-01  9.682540e-01
     vertex -6.472660e-02  1.991182e-01  9.523810e-01
     vertex -9.652957e-02  1.971945e-01  9.523810e-01
   endloop
 endfacet
 facet normal -6.037850e-02  9.981756e-01  0.000000e+00
   outer loop
     vertex -9.652957e-02  1.971945e-01  9.682540e-01
     vertex -6.472660e-02  1.991182e-01  9.682540e-01
     vertex -6.472660e-02  1.991182e-01  9.523810e-01
   endloop
 endfacet
 facet normal -1.802550e-01  9.836199e-01  0.000000e+00
   outer loop
     vertex -1.278688e-01  1.914514e-01  9.682540e-01
     vertex -9.652957e-02  1.971945e-01  9.523810e-01
     vertex -1.278688e-01  1.914514e-01  9.523810e-01
   endloop
 endfacet
 facet normal -1.802550e-01  9.836199e-01  0.000000e+00
   outer loop
     vertex -1.278688e-01  1.914514e-01  9.682540e-01
     vertex -9.652957e-02  1.971945e-01  9.682540e-01
     vertex -9.652957e-02  1.971945e-01  9.523810e-01
   endloop
 endfacet
 facet normal -2.975031e-01  9.547209e-01  0.000000e+00
   outer loop
     vertex -1.582873e-01  1.819726e-01  9.682540e-01
     vertex -1.278688e-01  1.914514e-01  9.523810e-01
     vertex -1.582873e-01  1.819726e-01  9.523810e-01
   endloop
 endfacet
 facet normal -2.975031e-01  9.547209e-01  0.000000e+00
   outer loop
     vertex -1.582873e-01  1.819726e-01  9.682540e-01
     vertex -1.278688e-01  1.914514e-01  9.682540e-01
     vertex -1.278688e-01  1.914514e-01  9.523810e-01
   endloop
 endfacet
 facet normal -4.104128e-01  9.118998e-01  0.000000e+00
   outer loop
     vertex -1.873414e-01  1.688964e-01  9.682540e-01
     vertex -1.582873e-01  1.819726e-01  9.523810e-01
     vertex -1.873414e-01  1.688964e-01  9.523810e-01
   endloop
 endfacet
 facet normal -4.104128e-01  9.118998e-01  0.000000e+00
   outer loop
     vertex -1.873414e-01  1.688964e-01  9.682540e-01
     vertex -1.582873e-01  1.819726e-01  9.682540e-01
     vertex -1.582873e-01  1.819726e-01  9.523810e-01
   endloop
 endfacet
 facet normal -5.173378e-01  8.557813e-01  0.000000e+00
   outer loop
     vertex -2.146075e-01  1.524134e-01  9.682540e-01
     vertex -1.873414e-01  1.688964e-01  9.523810e-01
     vertex -2.146075e-01  1.524134e-01  9.523810e-01
   endloop
 endfacet
 facet normal -5.173378e-01  8.557813e-01  0.000000e+00
   outer loop
     vertex -2.146075e-01  1.524134e-01  9.682540e-01
     vertex -1.873414e-01  1.688964e-01  9.682540e-01
     vertex -1.873414e-01  1.688964e-01  9.523810e-01
   endloop
 endfacet
 facet normal -6.167189e-01  7.871835e-01  0.000000e+00
   outer loop
     vertex -2.396881e-01  1.327641e-01  9.682540e-01
     vertex -2.146075e-01  1.524134e-01  9.523810e-01
     vertex -2.396881e-01  1.327641e-01  9.523810e-01
   endloop
 endfacet
 facet normal -6.167189e-01  7.871835e-01  0.000000e+00
   outer loop
     vertex -2.396881e-01  1.327641e-01  9.682540e-01
     vertex -2.146075e-01  1.524134e-01  9.682540e-01
     vertex -2.146075e-01  1.524134e-01  9.523810e-01
   endloop
 endfacet
 facet normal -7.071068e-01  7.071068e-01  0.000000e+00
   outer loop
     vertex -2.622173e-01  1.102349e-01  9.682540e-01
     vertex -2.396881e-01  1.327641e-01  9.523810e-01
     vertex -2.622173e-01  1.102349e-01  9.523810e-01
   endloop
 endfacet
 facet normal -7.071068e-01  7.071068e-01  0.000000e+00
   outer loop
     vertex -2.622173e-01  1.102349e-01  9.682540e-01
     vertex -2.396881e-01  1.327641e-01  9.682540e-01
     vertex -2.396881e-01  1.327641e-01  9.523810e-01
   endloop
 endfacet
 facet normal -7.871835e-01  6.167189e-01  0.000000e+00
   outer loop
     vertex -2.818666e-01  8.515433e-02  9.682540e-01
     vertex -2.622173e-01  1.102349e-01  9.523810e-01
     vertex -2.818666e-01  8.515433e-02  9.523810e-01
   endloop
 endfacet
 facet normal -7.871835e-01  6.167189e-01  0.000000e+00
   outer loop
     vertex -2.818666e-01  8.515433e-02  9.682540e-01
     vertex -2.622173e-01  1.102349e-01  9.682540e-01
     vertex -2.622173e-01  1.102349e-01  9.523810e-01
   endloop
 endfacet
 facet normal -8.557813e-01  5.173378e-01  0.000000e+00
   outer loop
     vertex -2.983496e-01  5.788820e-02  9.682540e-01
     vertex -2.818666e-01  8.515433e-02  9.523810e-01
     vertex -2.983496e-01  5.788820e-02  9.523810e-01
   endloop
 endfacet
 facet normal -8.557813e-01  5.173378e-01  0.000000e+00
   outer loop
     vertex -2.983496e-01  5.788820e-02  9.682540e-01
     vertex -2.818666e-01  8.515433e-02  9.682540e-01
     vertex -2.818666e-01  8.515433e-02  9.523810e-01
   endloop
 endfacet
 facet normal -9.118998e-01  4.104128e-01  0.000000e+00
   outer loop
     vertex -3.114258e-01  2.883406e-02  9.682540e-01
     vertex -2.983496e-01  5.788820e-02  9.523810e-01
     vertex -3.114258e-01  2.883406e-02  9.523810e-01
   endloop
 endfacet
 facet normal -9.118998e-01  4.104128e-01  0.000000e+00
   outer loop
     vertex -3.114258e-01  2.883406e-02  9.682540e-01
     vertex -2.983496e-01  5.788820e-02  9.682540e-01
     vertex -2.983496e-01  5.788820e-02  9.523810e-01
   endloop
 endfacet
 facet normal -9.547209e-01  2.975031e-01  0.000000e+00
   outer loop
     vertex -3.209046e-01 -1.584403e-03  9.682540e-01
     vertex -3.114258e-01  2.883406e-02  9.682540e-01
     vertex -3.114258e-01  2.883406e-02  9.523810e-01
   endloop
 endfacet
 facet normal -9.547209e-01  2.975031e-01  0.000000e+00
   outer loop
     vertex -3.209046e-01 -1.584403e-03  9.682540e-01
     vertex -3.114258e-01  2.883406e-02  9.523810e-01
     vertex -3.209046e-01 -1.584403e-03  9.523810e-01
   endloop
 endfacet
 facet normal -9.836199e-01  1.802550e-01  0.000000e+00
   outer loop
     vertex -3.266477e-01 -3.292362e-02  9.682540e-01
     vertex -3.209046e-01 -1.584403e-03  9.682540e-01
     vertex -3.209046e-01 -1.584403e-03  9.523810e-01
   endloop
 endfacet
 facet normal -9.836199e-01  1.802550e-01  0.000000e+00
   outer loop
     vertex -3.266477e-01 -3.292362e-02  9.682540e-01
     vertex -3.209046e-01 -1.584403e-03  9.523810e-01
     vertex -3.266477e-01 -3.292362e-02  9.523810e-01
   endloop
 endfacet
 facet normal -9.981756e-01  6.037850e-02  0.000000e+00
   outer loop
     vertex -3.285714e-01 -6.472660e-02  9.682540e-01
     vertex -3.266477e-01 -3.292362e-02  9.682540e-01
     vertex -3.266477e-01 -3.292362e-02  9.523810e-01
   endloop
 endfacet
 facet normal -9.981756e-01  6.037850e-02  0.000000e+00
   outer loop
     vertex -3.285714e-01 -6.472660e-02  9.682540e-01
     vertex -3.266477e-01 -3.292362e-02  9.523810e-01
     vertex -3.285714e-01 -6.472660e-02  9.523810e-01
   endloop
 endfacet
 facet normal -9.981756e-01 -6.037850e-02  0.000000e+00
   outer loop
     vertex -3.266477e-01 -9.652957e-02  9.682540e-01
     vertex -3.285714e-01 -6.472660e-02  9.682540e-01
     vertex -3.285714e-01 -6.472660e-02  9.523810e-01
   endloop
 endfacet
 facet normal -9.981756e-01 -6.037850e-02 -0.000000e+00
   outer loop
     vertex -3.266477e-01 -9.652957e-02  9.682540e-01
     vertex -3.285714e-01 -6.472660e-02  9.523810e-01
     vertex -3.266477e-01 -9.652957e-02  9.523810e-01
   endloop
 endfacet
 facet normal -9.836199e-01 -1.802550e-01  0.000000e+00
   outer loop
     vertex -3.209046e-01 -1.278688e-01  9.682540e-01
     vertex -3.266477e-01 -9.652957e-02  9.682540e-01
     vertex -3.266477e-01 -9.652957e-02  9.523810e-01
   endloop
 endfacet
 facet normal -9.836199e-01 -1.802550e-01 -0.000000e+00
   outer loop
     vertex -3.209046e-01 -1.278688e-01  9.682540e-01
     vertex -3.266477e-01 -9.652957e-02  9.523810e-01
     vertex -3.209046e-01 -1.278688e-01  9.523810e-01
   endloop
 endfacet
 facet normal -9.547209e-01 -2.975031e-01  0.000000e+00
   outer loop
     vertex -3.114258e-01 -1.582873e-01  9.682540e-01
     vertex -3.209046e-01 -1.278688e-01  9.682540e-01
     vertex -3.209046e-01 -1.278688e-01  9.523810e-01
   endloop
 endfacet
 facet normal -9.547209e-01 -2.975031e-01 -0.000000e+00
   outer loop
     vertex -3.114258e-01 -1.582873e-01  9.682540e-01
     vertex -3.209046e-01 -1.278688e-01  9.523810e-01
     vertex -3.114258e-01 -1.582873e-01  9.523810e-01
   endloop
 endfacet
 facet normal -9.118998e-01 -4.104128e-01  0.000000e+00
   outer loop
     vertex -2.983496e-01 -1.873414e-01  9.682540e-01
     vertex -3.114258e-01 -1.582873e-01  9.682540e-01
     vertex -3.114258e-01 -1.582873e-01  9.523810e-01
   endloop
 endfacet
 facet normal -9.118998e-01 -4.104128e-01 -0.000000e+00
   outer loop
     vertex -2.983496e-01 -1.873414e-01  9.682540e-01
     vertex -3.114258e-01 -1.582873e-01  9.523810e-01
     vertex -2.983496e-01 -1.873414e-01  9.523810e-01
   endloop
 endfacet
 facet normal -8.557813e-01 -5.173378e-01 -0.000000e+00
   outer loop
     vertex -2.818666e-01 -2.146075e-01  9.682540e-01
     vertex -2.983496e-01 -1.873414e-01  9.523810e-01
     vertex -2.818666e-01 -2.146075e-01  9.523810e-01
   endloop
 endfacet
 facet normal -8.557813e-01 -5.173378e-01  0.000000e+00
   outer loop
     vertex -2.818666e-01 -2.146075e-01  9.682540e-01
     vertex -2.983496e-01 -1.873414e-01  9.682540e-01
     vertex -2.983496e-01 -1.873414e-01  9.523810e-01
   endloop
 endfacet
 facet normal -7.871835e-01 -6.167189e-01 -0.000000e+00
   outer loop
     vertex -2.622173e-01 -2.396881e-01  9.682540e-01
     vertex -2.818666e-01 -2.146075e-01  9.523810e-01
     vertex -2.622173e-01 -2.396881e-01  9.523810e-01
   endloop
 endfacet
 facet normal -7.871835e-01 -6.167189e-01  0.000000e+00
   outer loop
     vertex -2.622173e-01 -2.396881e-01  9.682540e-01
     vertex -2.818666e-01 -2.146075e-01  9.682540e-01
     vertex -2.818666e-01 -2.146075e-01  9.523810e-01
   endloop
 endfacet
 facet normal -7.071068e-01 -7.071068e-01 -0.000000e+00
   outer loop
     vertex -2.396881e-01 -2.622173e-01  9.682540e-01
     vertex -2.622173e-01 -2.396881e-01  9.523810e-01
     vertex -2.396881e-01 -2.622173e-01  9.523810e-01
   endloop
 endfacet
 facet normal -7.071068e-01 -7.071068e-01  0.000000e+00
   outer loop
     vertex -2.396881e-01 -2.622173e-01  9.682540e-01
     vertex -2.622173e-01 -2.396881e-01  9.682540e-01
     vertex -2.622173e-01 -2.396881e-01  9.523810e-01
   endloop
 endfacet
 facet normal -6.167189e-01 -7.871835e-01 -0.000000e+00
   outer loop
     vertex -2.146075e-01 -2.818666e-01  9.682540e-01
     vertex -2.396881e-01 -2.622173e-01  9.523810e-01
     vertex -2.146075e-01 -2.818666e-01  9.523810e-01
   endloop
 endfacet
 facet normal -6.167189e-01 -7.871835e-01  0.000000e+00
   outer loop
     vertex -2.146075e-01 -2.818666e-01  9.682540e-01
     vertex -2.396881e-01 -2.622173e-01  9.682540e-01
     vertex -2.396881e-01 -2.622173e-01  9.523810e-01
   endloop
 endfacet
 facet normal -5.173378e-01 -8.557813e-01 -0.000000e+00
   outer loop
     vertex -1.873414e-01 -2.983496e-01  9.682540e-01
     vertex -2.146075e-01 -2.818666e-01  9.523810e-01
     vertex -1.873414e-01 -2.983496e-01  9.523810e-01
   endloop
 endfacet
 facet normal -5.173378e-01 -8.557813e-01  0.000000e+00
   outer loop
     vertex -1.873414e-01 -2.983496e-01  9.682540e-01
     vertex -2.146075e-01 -2.818666e-01  9.682540e-01
     vertex -2.146075e-01 -2.818666e-01  9.523810e-01
   endloop
 endfacet
 facet normal -4.104128e-01 -9.118998e-01 -0.000000e+00
   outer loop
     vertex -1.582873e-01 -3.114258e-01  9.682540e-01
     vertex -1.873414e-01 -2.983496e-01  9.523810e-01
     vertex -1.582873e-01 -3.114258e-01  9.523810e-01
   endloop
 endfacet
 facet normal -4.104128e-01 -9.118998e-01  0.000000e+00
   outer loop
     vertex -1.582873e-01 -3.114258e-01  9.682540e-01
     vertex -1.873414e-01 -2.983496e-01  9.682540e-01
     vertex -1.873414e-01 -2.983496e-01  9.523810e-01
   endloop
 endfacet
 facet normal -2.975031e-01 -9.547209e-01 -0.000000e+00
   outer loop
     vertex -1.278688e-01 -3.209046e-01  9.682540e-01
     vertex -1.582873e-01 -3.114258e-01  9.523810e-01
     vertex -1.278688e-01 -3.209046e-01  9.523810e-01
   endloop
 endfacet
 facet normal -2.975031e-01 -9.547209e-01  0.000000e+00
   outer loop
     vertex -1.278688e-01 -3.209046e-01  9.682540e-01
     vertex -1.582873e-01 -3.114258e-01  9.682540e-01
     vertex -1.582873e-01 -3.114258e-01  9.523810e-01
   endloop
 endfacet
 facet normal -1.802550e-01 -9.836199e-01 -0.000000e+00
   outer loop
     vertex -9.652957e-02 -3.266477e-01  9.682540e-01
     vertex -1.278688e-01 -3.209046e-01  9.523810e-01
     vertex -9.652957e-02 -3.266477e-01  9.523810e-01
   endloop
 endfacet
 facet normal -1.802550e-01 -9.836199e-01  0.000000e+00
   outer loop
     vertex -9.652957e-02 -3.266477e-01  9.682540e-01
     vertex -1.278688e-01 -3.209046e-01  9.682540e-01
     vertex -1.278688e-01 -3.209046e-01  9.523810e-01
   endloop
 endfacet
 facet normal -6.037850e-02 -9.981756e-01 -0.000000e+00
   outer loop
     vertex -6.472660e-02 -3.285714e-01  9.682540e-01
     vertex -9.652957e-02 -3.266477e-01  9.523810e-01
     vertex -6.472660e-02 -3.285714e-01  9.523810e-01
   endloop
 endfacet
 facet normal -6.037850e-02 -9.981756e-01  0.000000e+00
   outer loop
     vertex -6.472660e-02 -3.285714e-01  9.682540e-01
     vertex -9.652957e-02 -3.266477e-01  9.682540e-01
     vertex -9.652957e-02 -3.266477e-01  9.523810e-01
   endloop
 endfacet
 facet normal  6.037850e-02 -9.981756e-01  0.000000e+00
   outer loop
     vertex -3.292362e-02 -3.266477e-01  9.682540e-01
     vertex -6.472660e-02 -3.285714e-01  9.523810e-01
     vertex -3.292362e-02 -3.266477e-01  9.523810e-01
   endloop
 endfacet
 facet normal  6.037850e-02 -9.981756e-01  0.000000e+00
   outer loop
     vertex -3.292362e-02 -3.266477e-01  9.682540e-01
     vertex -6.472660e-02 -3.285714e-01  9.682540e-01
     vertex -6.472660e-02 -3.285714e-01  9.523810e-01
   endloop
 endfacet
 facet normal  1.802550e-01 -9.836199e-01  0.000000e+00
   outer loop
     vertex -1.584403e-03 -3.209046e-01  9.682540e-01
     vertex -3.292362e-02 -3.266477e-01  9.523810e-01
     vertex -1.584403e-03 -3.209046e-01  9.523810e-01
   endloop
 endfacet
 facet normal  1.802550e-01 -9.836199e-01  0.000000e+00
   outer loop
     vertex -1.584403e-03 -3.209046e-01  9.682540e-01
     vertex -3.292362e-02 -3.266477e-01  9.682540e-01
     vertex -3.292362e-02 -3.266477e-01  9.523810e-01
   endloop
 endfacet
 facet normal  2.975031e-01 -9.547209e-01  0.000000e+00
   outer loop
     vertex  2.883406e-02 -3.114258e-01  9.682540e-01
     vertex -1.584403e-03 -3.209046e-01  9.523810e-01
     vertex  2.883406e-02 -3.114258e-01  9.523810e-01
   endloop
 endfacet
 facet normal  2.975031e-01 -9.547209e-01  0.000000e+00
   outer loop
     vertex  2.883406e-02 -3.114258e-01  9.682540e-01
     vertex -1.584403e-03 -3.209046e-01  9.682540e-01
     vertex -1.584403e-03 -3.209046e-01  9.523810e-01
   endloop
 endfacet
 facet normal  4.104128e-01 -9.118998e-01  0.000000e+00
   outer loop
     vertex  5.788820e-02 -2.983496e-01  9.682540e-01
     vertex  2.883406e-02 -3.114258e-01  9.523810e-01
     vertex  5.788820e-02 -2.983496e-01  9.523810e-01
   endloop
 endfacet
 facet normal  4.104128e-01 -9.118998e-01  0.000000e+00
   outer loop
     vertex  5.788820e-02 -2.983496e-01  9.682540e-01
     vertex  2.883406e-02 -3.114258e-01  9.682540e-01
     vertex  2.883406e-02 -3.114258e-01  9.523810e-01
   endloop
 endfacet
