solid 
 facet normal -1.000000e+00 -0.000000e+00  0.000000e+00
   outer loop
     vertex -1.058730e+00  8.968254e-01 -3.174603e-02
     vertex -1.058730e+00 -1.058730e+00 -3.174603e-01
     vertex -1.058730e+00 -1.058730e+00 -3.174603e-02
   endloop
 endfacet
 facet normal -1.000000e+00  0.000000e+00 -0.000000e+00
   outer loop
     vertex -1.058730e+00  8.968254e-01 -3.174603e-02
     vertex -1.058730e+00  8.968254e-01 -3.174603e-01
     vertex -1.058730e+00 -1.058730e+00 -3.174603e-01
   endloop
 endfacet
 facet normal  0.000000e+00  0.000000e+00  1.000000e+00
   outer loop
     vertex -1.058730e+00  8.968254e-01 -3.174603e-02
     vertex -1.058730e+00 -1.058730e+00 -3.174603e-02
     vertex -7.730159e-01 -7.730159e-01 -3.174603e-02
   endloop
 endfacet
 facet normal  0.000000e+00  0.000000e+00  1.000000e+00
   outer loop
     vertex  8.968254e-01 -1.058730e+00 -3.174603e-02
     vertex -7.730159e-01 -7.730159e-01 -3.174603e-02
     vertex -1.058730e+00 -1.058730e+00 -3.174603e-02
   endloop
 endfacet
 facet normal  0.000000e+00  0.000000e+00  1.000000e+00
   outer loop
     vertex  6.238096e-01 -7.730159e-01 -3.174603e-02
     vertex -7.730159e-01 -7.730159e-01 -3.174603e-02
     vertex  8.968254e-01 -1.058730e+00 -3.174603e-02
   endloop
 endfacet
 facet normal  0.000000e+00  0.000000e+00  1.000000e+00
   outer loop
     vertex -7.730159e-01  6.238096e-01 -3.174603e-02
     vertex -1.058730e+00  8.968254e-01 -3.174603e-02
     vertex -7.730159e-01 -7.730159e-01 -3.174603e-02
   endloop
 endfacet
 facet normal  0.000000e+00  0.000000e+00  1.000000e+00
   outer loop
     vertex  8.968254e-01  8.968254e-01 -3.174603e-02
     vertex -7.730159e-01  6.238096e-01 -3.174603e-02
     vertex  6.238096e-01  6.238096e-01 -3.174603e-02
   endloop
 endfacet
 facet normal  0.000000e+00  0.000000e+00  1.000000e+00
   outer loop
     vertex  8.968254e-01  8.968254e-01 -3.174603e-02
     vertex  6.238096e-01  6.238096e-01 -3.174603e-02
     vertex  6.238096e-01 -7.730159e-01 -3.174603e-02
   endloop
 endfacet
 facet normal  0.000000e+00  0.000000e+00  1.000000e+00
   outer loop
     vertex  8.968254e-01  8.968254e-01 -3.174603e-02
     vertex  6.238096e-01 -7.730159e-01 -3.174603e-02
     vertex  8.968254e-01 -1.058730e+00 -3.174603e-02
   endloop
 endfacet
 facet normal  0.000000e+00  0.000000e+00  1.000000e+00
   outer loop
     vertex  8.968254e-01  8.968254e-01 -3.174603e-02
     vertex -1.058730e+00  8.968254e-01 -3.174603e-02
     vertex -7.730159e-01  6.238096e-01 -3.174603e-02
   endloop
 endfacet
 facet normal  0.000000e+00  1.000000e+00  0.000000e+00
   outer loop
     vertex  8.968254e-01  8.968254e-01 -3.174603e-02
     vertex -1.058730e+00  8.968254e-01 -3.174603e-01
     vertex -1.058730e+00  8.968254e-01 -3.174603e-02
   endloop
 endfacet
 facet normal  0.000000e+00  1.000000e+00  0.000000e+00
   outer loop
     vertex  8.968254e-01  8.968254e-01 -3.174603e-02
     vertex  8.968254e-01  8.968254e-01 -3.174603e-01
     vertex -1.058730e+00  8.968254e-01 -3.174603e-01
   endloop
 endfacet
 facet normal  0.000000e+00 -0.000000e+00 -1.000000e+00
   outer loop
     vertex  8.968254e-01  8.968254e-01 -3.174603e-01
     vertex  8.968254e-01 -1.058730e+00 -3.174603e-01
     vertex -1.058730e+00 -1.058730e+00 -3.174603e-01
   endloop
 endfacet
 facet normal -0.000000e+00  0.000000e+00 -1.000000e+00
   outer loop
     vertex  8.968254e-01  8.968254e-01 -3.174603e-01
     vertex -1.058730e+00 -1.058730e+00 -3.174603e-01
     vertex -1.058730e+00  8.968254e-01 -3.174603e-01
   endloop
 endfacet
 facet normal  0.000000e+00 -1.000000e+00  0.000000e+00
   outer loop
     vertex -1.058730e+00 -1.058730e+00 -3.174603e-02
     vertex  8.968254e-01 -1.058730e+00 -3.174603e-01
     vertex  8.968254e-01 -1.058730e+00 -3.174603e-02
   endloop
 endfacet
 facet normal  0.000000e+00 -1.000000e+00  0.000000e+00
   outer loop
     vertex -1.058730e+00 -1.058730e+00 -3.174603e-02
     vertex -1.058730e+00 -1.058730e+00 -3.174603e-01
     vertex  8.968254e-01 -1.058730e+00 -3.174603e-01
   endloop
 endfacet
 facet normal  1.000000e+00 -0.000000e+00  0.000000e+00
   outer loop
     vertex  8.968254e-01 -1.058730e+00 -3.174603e-02
     vertex  8.968254e-01  8.968254e-01 -3.174603e-01
     vertex  8.968254e-01  8.968254e-01 -3.174603e-02
   endloop
 endfacet
 facet normal  1.000000e+00  0.000000e+00  0.000000e+00
   outer loop
     vertex  8.968254e-01 -1.058730e+00 -3.174603e-02
     vertex  8.968254e-01 -1.058730e+00 -3.174603e-01
     vertex  8.968254e-01  8.968254e-01 -3.174603e-01
   endloop
 endfacet
 facet normal  0.000000e+00  1.000000e+00  0.000000e+00
   outer loop
     vertex  6.238096e-01 -7.730159e-01 -3.174603e-02
     vertex -7.730159e-01 -7.730159e-01 -1.269841e-01
     vertex -7.730159e-01 -7.730159e-01 -3.174603e-02
   endloop
 endfacet
 facet normal  0.000000e+00  1.000000e+00  0.000000e+00
   outer loop
     vertex  6.238096e-01 -7.730159e-01 -3.174603e-02
     vertex  6.238096e-01 -7.730159e-01 -1.269841e-01
     vertex -7.730159e-01 -7.730159e-01 -1.269841e-01
   endloop
 endfacet
 facet normal -1.000000e+00 -0.000000e+00  0.000000e+00
   outer loop
     vertex  6.238096e-01  6.238096e-01 -3.174603e-02
     vertex  6.238096e-01 -7.730159e-01 -1.269841e-01
     vertex  6.238096e-01 -7.730159e-01 -3.174603e-02
   endloop
 endfacet
 facet normal -1.000000e+00  0.000000e+00 -0.000000e+00
   outer loop
     vertex  6.238096e-01  6.238096e-01 -3.174603e-02
     vertex  6.238096e-01  6.238096e-01 -1.269841e-01
     vertex  6.238096e-01 -7.730159e-01 -1.269841e-01
   endloop
 endfacet
 facet normal  0.000000e+00 -1.000000e+00  0.000000e+00
   outer loop
     vertex -7.730159e-01  6.238096e-01 -3.174603e-02
     vertex  6.238096e-01  6.238096e-01 -1.269841e-01
     vertex  6.238096e-01  6.238096e-01 -3.174603e-02
   endloop
 endfacet
 facet normal  0.000000e+00 -1.000000e+00  0.000000e+00
   outer loop
     vertex -7.730159e-01  6.238096e-01 -3.174603e-02
     vertex -7.730159e-01  6.238096e-01 -1.269841e-01
     vertex  6.238096e-01  6.238096e-01 -1.269841e-01
   endloop
 endfacet
 facet normal  1.000000e+00 -0.000000e+00  0.000000e+00
   outer loop
     vertex -7.730159e-01 -7.730159e-01 -3.174603e-02
     vertex -7.730159e-01  6.238096e-01 -1.269841e-01
     vertex -7.730159e-01  6.238096e-01 -3.174603e-02
   endloop
 endfacet
 facet normal  1.000000e+00  0.000000e+00  0.000000e+00
   outer loop
     vertex -7.730159e-01 -7.730159e-01 -3.174603e-02
     vertex -7.730159e-01 -7.730159e-01 -1.269841e-01
     vertex -7.730159e-01  6.238096e-01 -1.269841e-01
   endloop
 endfacet
 facet normal  0.000000e+00  0.000000e+00  1.000000e+00
   outer loop
     vertex  6.238096e-01  6.238096e-01 -1.269841e-01
     vertex -7.730159e-01 -7.730159e-01 -1.269841e-01
     vertex  6.238096e-01 -7.730159e-01 -1.269841e-01
   endloop
 endfacet
 facet normal  0.000000e+00  0.000000e+00  1.000000e+00
   outer loop
     vertex  6.238096e-01  6.238096e-01 -1.269841e-01
     vertex -7.730159e-01  6.238096e-01 -1.269841e-01
     vertex -7.730159e-01 -7.730159e-01 -1.269841e-01
   endloop
 endfacet
endsolid
