solid 
 facet normal  0.000000e+00  0.000000e+00 -1.000000e+00
   outer loop
     vertex -2.577851e-01 -2.805552e-01 -3.174603e-02
     vertex -3.057002e-01 -3.321208e-01 -3.174603e-02
     vertex -3.321208e-01 -3.057002e-01 -3.174603e-02
   endloop
 endfacet
 facet normal  0.000000e+00  0.000000e+00 -1.000000e+00
   outer loop
     vertex -2.577851e-01 -2.805552e-01 -3.174603e-02
     vertex -2.766626e-01 -3.556350e-01 -3.174603e-02
     vertex -3.057002e-01 -3.321208e-01 -3.174603e-02
   endloop
 endfacet
 facet normal  0.000000e+00 -0.000000e+00 -1.000000e+00
   outer loop
     vertex -2.805552e-01 -2.577851e-01 -3.174603e-02
     vertex -2.577851e-01 -2.805552e-01 -3.174603e-02
     vertex -3.321208e-01 -3.057002e-01 -3.174603e-02
   endloop
 endfacet
 facet normal  0.000000e+00  0.000000e+00 -1.000000e+00
   outer loop
     vertex -2.805552e-01 -2.577851e-01 -3.174603e-02
     vertex -3.321208e-01 -3.057002e-01 -3.174603e-02
     vertex -3.556350e-01 -2.766626e-01 -3.174603e-02
   endloop
 endfacet
 facet normal -0.000000e+00  0.000000e+00 -1.000000e+00
   outer loop
     vertex -2.324363e-01 -3.004147e-01 -3.174603e-02
     vertex -2.766626e-01 -3.556350e-01 -3.174603e-02
     vertex -2.577851e-01 -2.805552e-01 -3.174603e-02
   endloop
 endfacet
 facet normal  0.000000e+00  0.000000e+00 -1.000000e+00
   outer loop
     vertex -2.324363e-01 -3.004147e-01 -3.174603e-02
     vertex -2.453262e-01 -3.759851e-01 -3.174603e-02
     vertex -2.766626e-01 -3.556350e-01 -3.174603e-02
   endloop
 endfacet
 facet normal  0.000000e+00  0.000000e+00 -1.000000e+00
   outer loop
     vertex -3.004147e-01 -2.324363e-01 -3.174603e-02
     vertex -3.556350e-01 -2.766626e-01 -3.174603e-02
     vertex -3.759851e-01 -2.453262e-01 -3.174603e-02
   endloop
 endfacet
 facet normal  0.000000e+00 -0.000000e+00 -1.000000e+00
   outer loop
     vertex -3.004147e-01 -2.324363e-01 -3.174603e-02
     vertex -2.805552e-01 -2.577851e-01 -3.174603e-02
     vertex -3.556350e-01 -2.766626e-01 -3.174603e-02
   endloop
 endfacet
 facet normal -0.000000e+00  0.000000e+00 -1.000000e+00
   outer loop
     vertex -2.048785e-01 -3.170740e-01 -3.174603e-02
     vertex -2.453262e-01 -3.759851e-01 -3.174603e-02
     vertex -2.324363e-01 -3.004147e-01 -3.174603e-02
   endloop
 endfacet
 facet normal  0.000000e+00  0.000000e+00 -1.000000e+00
   outer loop
     vertex -2.048785e-01 -3.170740e-01 -3.174603e-02
     vertex -2.120344e-01 -3.929481e-01 -3.174603e-02
     vertex -2.453262e-01 -3.759851e-01 -3.174603e-02
   endloop
 endfacet
 facet normal  0.000000e+00  0.000000e+00 -1.000000e+00
   outer loop
     vertex -3.170740e-01 -2.048785e-01 -3.174603e-02
     vertex -3.759851e-01 -2.453262e-01 -3.174603e-02
     vertex -3.929481e-01 -2.120344e-01 -3.174603e-02
   endloop
 endfacet
 facet normal  0.000000e+00 -0.000000e+00 -1.000000e+00
   outer loop
     vertex -3.170740e-01 -2.048785e-01 -3.174603e-02
     vertex -3.004147e-01 -2.324363e-01 -3.174603e-02
     vertex -3.759851e-01 -2.453262e-01 -3.174603e-02
   endloop
 endfacet
 facet normal  0.000000e+00  0.000000e+00 -1.000000e+00
   outer loop
     vertex -1.755137e-01 -3.302900e-01 -3.174603e-02
     vertex -1.771517e-01 -4.063383e-01 -3.174603e-02
     vertex -2.120344e-01 -3.929481e-01 -3.174603e-02
   endloop
 endfacet
 facet normal -0.000000e+00  0.000000e+00 -1.000000e+00
   outer loop
     vertex -1.755137e-01 -3.302900e-01 -3.174603e-02
     vertex -2.120344e-01 -3.929481e-01 -3.174603e-02
     vertex -2.048785e-01 -3.170740e-01 -3.174603e-02
   endloop
 endfacet
 facet normal  0.000000e+00  0.000000e+00 -1.000000e+00
   outer loop
     vertex -3.302900e-01 -1.755137e-01 -3.174603e-02
     vertex -3.929481e-01 -2.120344e-01 -3.174603e-02
     vertex -4.063383e-01 -1.771517e-01 -3.174603e-02
   endloop
 endfacet
 facet normal  0.000000e+00 -0.000000e+00 -1.000000e+00
   outer loop
     vertex -3.302900e-01 -1.755137e-01 -3.174603e-02
     vertex -3.170740e-01 -2.048785e-01 -3.174603e-02
     vertex -3.929481e-01 -2.120344e-01 -3.174603e-02
   endloop
 endfacet
 facet normal  0.000000e+00 -0.000000e+00 -1.000000e+00
   outer loop
     vertex -1.447699e-01 -3.398702e-01 -3.174603e-02
     vertex -1.410605e-01 -4.160089e-01 -3.174603e-02
     vertex -1.771517e-01 -4.063383e-01 -3.174603e-02
   endloop
 endfacet
 facet normal -0.000000e+00  0.000000e+00 -1.000000e+00
   outer loop
     vertex -1.447699e-01 -3.398702e-01 -3.174603e-02
     vertex -1.771517e-01 -4.063383e-01 -3.174603e-02
     vertex -1.755137e-01 -3.302900e-01 -3.174603e-02
   endloop
 endfacet
 facet normal -0.000000e+00  0.000000e+00 -1.000000e+00
   outer loop
     vertex -3.398702e-01 -1.447699e-01 -3.174603e-02
     vertex -4.063383e-01 -1.771517e-01 -3.174603e-02
     vertex -4.160089e-01 -1.410605e-01 -3.174603e-02
   endloop
 endfacet
 facet normal  0.000000e+00 -0.000000e+00 -1.000000e+00
   outer loop
     vertex -3.398702e-01 -1.447699e-01 -3.174603e-02
     vertex -3.302900e-01 -1.755137e-01 -3.174603e-02
     vertex -4.063383e-01 -1.771517e-01 -3.174603e-02
   endloop
 endfacet
 facet normal  0.000000e+00 -0.000000e+00 -1.000000e+00
   outer loop
     vertex -1.130955e-01 -3.456747e-01 -3.174603e-02
     vertex -1.041562e-01 -4.218540e-01 -3.174603e-02
     vertex -1.410605e-01 -4.160089e-01 -3.174603e-02
   endloop
 endfacet
 facet normal -0.000000e+00  0.000000e+00 -1.000000e+00
   outer loop
     vertex -1.130955e-01 -3.456747e-01 -3.174603e-02
     vertex -1.410605e-01 -4.160089e-01 -3.174603e-02
     vertex -1.447699e-01 -3.398702e-01 -3.174603e-02
   endloop
 endfacet
 facet normal -0.000000e+00  0.000000e+00 -1.000000e+00
   outer loop
     vertex -3.456747e-01 -1.130955e-01 -3.174603e-02
     vertex -4.160089e-01 -1.410605e-01 -3.174603e-02
     vertex -4.218540e-01 -1.041562e-01 -3.174603e-02
   endloop
 endfacet
 facet normal  0.000000e+00 -0.000000e+00 -1.000000e+00
   outer loop
     vertex -3.456747e-01 -1.130955e-01 -3.174603e-02
     vertex -3.398702e-01 -1.447699e-01 -3.174603e-02
     vertex -4.160089e-01 -1.410605e-01 -3.174603e-02
   endloop
 endfacet
 facet normal  0.000000e+00 -0.000000e+00 -1.000000e+00
   outer loop
     vertex -8.095235e-02 -3.476190e-01 -3.174603e-02
     vertex -6.684300e-02 -4.238095e-01 -3.174603e-02
     vertex -1.041562e-01 -4.218540e-01 -3.174603e-02
   endloop
 endfacet
 facet normal -0.000000e+00  0.000000e+00 -1.000000e+00
   outer loop
     vertex -8.095235e-02 -3.476190e-01 -3.174603e-02
     vertex -1.041562e-01 -4.218540e-01 -3.174603e-02
     vertex -1.130955e-01 -3.456747e-01 -3.174603e-02
   endloop
 endfacet
 facet normal -0.000000e+00  0.000000e+00 -1.000000e+00
   outer loop
     vertex -3.476190e-01 -8.095235e-02 -3.174603e-02
     vertex -4.218540e-01 -1.041562e-01 -3.174603e-02
     vertex -4.238095e-01 -6.684300e-02 -3.174603e-02
   endloop
 endfacet
 facet normal  0.000000e+00 -0.000000e+00 -1.000000e+00
   outer loop
     vertex -3.476190e-01 -8.095235e-02 -3.174603e-02
     vertex -3.456747e-01 -1.130955e-01 -3.174603e-02
     vertex -4.218540e-01 -1.041562e-01 -3.174603e-02
   endloop
 endfacet
 facet normal  0.000000e+00 -0.000000e+00 -1.000000e+00
   outer loop
     vertex -4.880923e-02 -3.456747e-01 -3.174603e-02
     vertex -2.952984e-02 -4.218540e-01 -3.174603e-02
     vertex -6.684300e-02 -4.238095e-01 -3.174603e-02
   endloop
 endfacet
 facet normal  0.000000e+00  0.000000e+00 -1.000000e+00
   outer loop
     vertex -4.880923e-02 -3.456747e-01 -3.174603e-02
     vertex -6.684300e-02 -4.238095e-01 -3.174603e-02
     vertex -8.095235e-02 -3.476190e-01 -3.174603e-02
   endloop
 endfacet
 facet normal -0.000000e+00  0.000000e+00 -1.000000e+00
   outer loop
     vertex -3.456747e-01 -4.880923e-02 -3.174603e-02
     vertex -4.238095e-01 -6.684300e-02 -3.174603e-02
     vertex -4.218540e-01 -2.952984e-02 -3.174603e-02
   endloop
 endfacet
 facet normal  0.000000e+00  0.000000e+00 -1.000000e+00
   outer loop
     vertex -3.456747e-01 -4.880923e-02 -3.174603e-02
     vertex -3.476190e-01 -8.095235e-02 -3.174603e-02
     vertex -4.238095e-01 -6.684300e-02 -3.174603e-02
   endloop
 endfacet
 facet normal  0.000000e+00 -0.000000e+00 -1.000000e+00
   outer loop
     vertex -1.713483e-02 -3.398702e-01 -3.174603e-02
     vertex  7.374509e-03 -4.160089e-01 -3.174603e-02
     vertex -2.952984e-02 -4.218540e-01 -3.174603e-02
   endloop
 endfacet
 facet normal  0.000000e+00  0.000000e+00 -1.000000e+00
   outer loop
     vertex -1.713483e-02 -3.398702e-01 -3.174603e-02
     vertex -2.952984e-02 -4.218540e-01 -3.174603e-02
     vertex -4.880923e-02 -3.456747e-01 -3.174603e-02
   endloop
 endfacet
 facet normal -0.000000e+00  0.000000e+00 -1.000000e+00
   outer loop
     vertex -3.398702e-01 -1.713483e-02 -3.174603e-02
     vertex -4.218540e-01 -2.952984e-02 -3.174603e-02
     vertex -4.160089e-01  7.374509e-03 -3.174603e-02
   endloop
 endfacet
 facet normal  0.000000e+00  0.000000e+00 -1.000000e+00
   outer loop
     vertex -3.398702e-01 -1.713483e-02 -3.174603e-02
     vertex -3.456747e-01 -4.880923e-02 -3.174603e-02
     vertex -4.218540e-01 -2.952984e-02 -3.174603e-02
   endloop
 endfacet
 facet normal  0.000000e+00 -0.000000e+00 -1.000000e+00
   outer loop
     vertex  1.360897e-02 -3.302900e-01 -3.174603e-02
     vertex  4.346571e-02 -4.063383e-01 -3.174603e-02
     vertex  7.374509e-03 -4.160089e-01 -3.174603e-02
   endloop
 endfacet
 facet normal  0.000000e+00  0.000000e+00 -1.000000e+00
   outer loop
     vertex  1.360897e-02 -3.302900e-01 -3.174603e-02
     vertex  7.374509e-03 -4.160089e-01 -3.174603e-02
     vertex -1.713483e-02 -3.398702e-01 -3.174603e-02
   endloop
 endfacet
 facet normal -0.000000e+00  0.000000e+00 -1.000000e+00
   outer loop
     vertex -3.302900e-01  1.360897e-02 -3.174603e-02
     vertex -4.160089e-01  7.374509e-03 -3.174603e-02
     vertex -4.063383e-01  4.346571e-02 -3.174603e-02
   endloop
 endfacet
 facet normal  0.000000e+00  0.000000e+00 -1.000000e+00
   outer loop
     vertex -3.302900e-01  1.360897e-02 -3.174603e-02
     vertex -3.398702e-01 -1.713483e-02 -3.174603e-02
     vertex -4.160089e-01  7.374509e-03 -3.174603e-02
   endloop
 endfacet
 facet normal  0.000000e+00  0.000000e+00 -1.000000e+00
   outer loop
     vertex  4.297384e-02 -3.170740e-01 -3.174603e-02
     vertex  7.834836e-02 -3.929481e-01 -3.174603e-02
     vertex  4.346571e-02 -4.063383e-01 -3.174603e-02
   endloop
 endfacet
 facet normal  0.000000e+00 -0.000000e+00 -1.000000e+00
   outer loop
     vertex  4.297384e-02 -3.170740e-01 -3.174603e-02
     vertex  4.346571e-02 -4.063383e-01 -3.174603e-02
     vertex  1.360897e-02 -3.302900e-01 -3.174603e-02
   endloop
 endfacet
 facet normal  0.000000e+00  0.000000e+00 -1.000000e+00
   outer loop
     vertex -3.170740e-01  4.297384e-02 -3.174603e-02
     vertex -4.063383e-01  4.346571e-02 -3.174603e-02
     vertex -3.929481e-01  7.834836e-02 -3.174603e-02
   endloop
 endfacet
 facet normal -0.000000e+00  0.000000e+00 -1.000000e+00
   outer loop
     vertex -3.170740e-01  4.297384e-02 -3.174603e-02
     vertex -3.302900e-01  1.360897e-02 -3.174603e-02
     vertex -4.063383e-01  4.346571e-02 -3.174603e-02
   endloop
 endfacet
 facet normal -0.000000e+00  0.000000e+00 -1.000000e+00
   outer loop
     vertex  1.116402e-01 -3.759851e-01 -3.174603e-02
     vertex  7.834836e-02 -3.929481e-01 -3.174603e-02
     vertex  4.297384e-02 -3.170740e-01 -3.174603e-02
   endloop
 endfacet
 facet normal  0.000000e+00 -0.000000e+00 -1.000000e+00
   outer loop
     vertex -3.759851e-01  1.116402e-01 -3.174603e-02
     vertex -3.170740e-01  4.297384e-02 -3.174603e-02
     vertex -3.929481e-01  7.834836e-02 -3.174603e-02
   endloop
 endfacet
 facet normal  0.000000e+00 -0.000000e+00 -1.000000e+00
   outer loop
     vertex  7.053160e-02 -3.004147e-01 -3.174603e-02
     vertex  1.116402e-01 -3.759851e-01 -3.174603e-02
     vertex  4.297384e-02 -3.170740e-01 -3.174603e-02
   endloop
 endfacet
 facet normal -0.000000e+00  0.000000e+00 -1.000000e+00
   outer loop
     vertex -3.004147e-01  7.053160e-02 -3.174603e-02
     vertex -3.170740e-01  4.297384e-02 -3.174603e-02
     vertex -3.759851e-01  1.116402e-01 -3.174603e-02
   endloop
 endfacet
 facet normal -0.000000e+00  0.000000e+00 -1.000000e+00
   outer loop
     vertex  1.429766e-01 -3.556350e-01 -3.174603e-02
     vertex  1.116402e-01 -3.759851e-01 -3.174603e-02
     vertex  7.053160e-02 -3.004147e-01 -3.174603e-02
   endloop
 endfacet
 facet normal  0.000000e+00 -0.000000e+00 -1.000000e+00
   outer loop
     vertex -3.556350e-01  1.429766e-01 -3.174603e-02
     vertex -3.004147e-01  7.053160e-02 -3.174603e-02
     vertex -3.759851e-01  1.116402e-01 -3.174603e-02
   endloop
 endfacet
 facet normal  0.000000e+00 -0.000000e+00 -1.000000e+00
   outer loop
     vertex  9.588038e-02 -2.805552e-01 -3.174603e-02
     vertex  1.429766e-01 -3.556350e-01 -3.174603e-02
     vertex  7.053160e-02 -3.004147e-01 -3.174603e-02
   endloop
 endfacet
 facet normal -0.000000e+00  0.000000e+00 -1.000000e+00
   outer loop
     vertex -2.805552e-01  9.588038e-02 -3.174603e-02
     vertex -3.004147e-01  7.053160e-02 -3.174603e-02
     vertex -3.556350e-01  1.429766e-01 -3.174603e-02
   endloop
 endfacet
 facet normal -0.000000e+00  0.000000e+00 -1.000000e+00
   outer loop
     vertex  1.720142e-01 -3.321208e-01 -3.174603e-02
     vertex  1.429766e-01 -3.556350e-01 -3.174603e-02
     vertex  9.588038e-02 -2.805552e-01 -3.174603e-02
   endloop
 endfacet
 facet normal  0.000000e+00 -0.000000e+00 -1.000000e+00
   outer loop
     vertex -3.321208e-01  1.720142e-01 -3.174603e-02
     vertex -2.805552e-01  9.588038e-02 -3.174603e-02
     vertex -3.556350e-01  1.429766e-01 -3.174603e-02
   endloop
 endfacet
 facet normal -0.000000e+00  0.000000e+00 -1.000000e+00
   outer loop
     vertex -2.577851e-01  1.186505e-01 -3.174603e-02
     vertex -2.805552e-01  9.588038e-02 -3.174603e-02
     vertex -3.321208e-01  1.720142e-01 -3.174603e-02
   endloop
 endfacet
 facet normal  0.000000e+00 -0.000000e+00 -1.000000e+00
   outer loop
     vertex  1.186505e-01 -2.577851e-01 -3.174603e-02
     vertex  1.720142e-01 -3.321208e-01 -3.174603e-02
     vertex  9.588038e-02 -2.805552e-01 -3.174603e-02
   endloop
 endfacet
 facet normal -0.000000e+00  0.000000e+00 -1.000000e+00
   outer loop
     vertex  1.984348e-01 -3.057002e-01 -3.174603e-02
     vertex  1.720142e-01 -3.321208e-01 -3.174603e-02
     vertex  1.186505e-01 -2.577851e-01 -3.174603e-02
   endloop
 endfacet
 facet normal  0.000000e+00 -0.000000e+00 -1.000000e+00
   outer loop
     vertex -3.057002e-01  1.984348e-01 -3.174603e-02
     vertex -2.577851e-01  1.186505e-01 -3.174603e-02
     vertex -3.321208e-01  1.720142e-01 -3.174603e-02
   endloop
 endfacet
 facet normal -0.000000e+00  0.000000e+00 -1.000000e+00
   outer loop
     vertex -2.324363e-01  1.385100e-01 -3.174603e-02
     vertex -2.577851e-01  1.186505e-01 -3.174603e-02
     vertex -3.057002e-01  1.984348e-01 -3.174603e-02
   endloop
 endfacet
 facet normal  0.000000e+00 -0.000000e+00 -1.000000e+00
   outer loop
     vertex  1.385100e-01 -2.324363e-01 -3.174603e-02
     vertex  1.984348e-01 -3.057002e-01 -3.174603e-02
     vertex  1.186505e-01 -2.577851e-01 -3.174603e-02
   endloop
 endfacet
 facet normal -0.000000e+00  0.000000e+00 -1.000000e+00
   outer loop
     vertex  2.219490e-01 -2.766626e-01 -3.174603e-02
     vertex  1.984348e-01 -3.057002e-01 -3.174603e-02
     vertex  1.385100e-01 -2.324363e-01 -3.174603e-02
   endloop
 endfacet
 facet normal  0.000000e+00 -0.000000e+00 -1.000000e+00
   outer loop
     vertex -2.766626e-01  2.219490e-01 -3.174603e-02
     vertex -2.324363e-01  1.385100e-01 -3.174603e-02
     vertex -3.057002e-01  1.984348e-01 -3.174603e-02
   endloop
 endfacet
 facet normal -0.000000e+00  0.000000e+00 -1.000000e+00
   outer loop
     vertex -2.048785e-01  1.551693e-01 -3.174603e-02
     vertex -2.324363e-01  1.385100e-01 -3.174603e-02
     vertex -2.766626e-01  2.219490e-01 -3.174603e-02
   endloop
 endfacet
 facet normal  0.000000e+00 -0.000000e+00 -1.000000e+00
   outer loop
     vertex  1.551693e-01 -2.048785e-01 -3.174603e-02
     vertex  2.219490e-01 -2.766626e-01 -3.174603e-02
     vertex  1.385100e-01 -2.324363e-01 -3.174603e-02
   endloop
 endfacet
 facet normal  0.000000e+00  0.000000e+00 -1.000000e+00
   outer loop
     vertex  2.422991e-01 -2.453262e-01 -3.174603e-02
     vertex  1.551693e-01 -2.048785e-01 -3.174603e-02
     vertex  1.683853e-01 -1.755137e-01 -3.174603e-02
   endloop
 endfacet
 facet normal -0.000000e+00  0.000000e+00 -1.000000e+00
   outer loop
     vertex  2.422991e-01 -2.453262e-01 -3.174603e-02
     vertex  2.219490e-01 -2.766626e-01 -3.174603e-02
     vertex  1.551693e-01 -2.048785e-01 -3.174603e-02
   endloop
 endfacet
 facet normal  0.000000e+00 -0.000000e+00 -1.000000e+00
   outer loop
     vertex -2.453262e-01  2.422991e-01 -3.174603e-02
     vertex -2.048785e-01  1.551693e-01 -3.174603e-02
     vertex -2.766626e-01  2.219490e-01 -3.174603e-02
   endloop
 endfacet
 facet normal  0.000000e+00  0.000000e+00 -1.000000e+00
   outer loop
     vertex -2.453262e-01  2.422991e-01 -3.174603e-02
     vertex -1.755137e-01  1.683853e-01 -3.174603e-02
     vertex -2.048785e-01  1.551693e-01 -3.174603e-02
   endloop
 endfacet
 facet normal -0.000000e+00  0.000000e+00 -1.000000e+00
   outer loop
     vertex  2.592621e-01 -2.120344e-01 -3.174603e-02
     vertex  2.422991e-01 -2.453262e-01 -3.174603e-02
     vertex  1.683853e-01 -1.755137e-01 -3.174603e-02
   endloop
 endfacet
 facet normal  0.000000e+00 -0.000000e+00 -1.000000e+00
   outer loop
     vertex -2.120344e-01  2.592621e-01 -3.174603e-02
     vertex -1.755137e-01  1.683853e-01 -3.174603e-02
     vertex -2.453262e-01  2.422991e-01 -3.174603e-02
   endloop
 endfacet
 facet normal  0.000000e+00  0.000000e+00 -1.000000e+00
   outer loop
     vertex  2.726523e-01 -1.771517e-01 -3.174603e-02
     vertex  1.683853e-01 -1.755137e-01 -3.174603e-02
     vertex  1.779655e-01 -1.447699e-01 -3.174603e-02
   endloop
 endfacet
 facet normal -0.000000e+00  0.000000e+00 -1.000000e+00
   outer loop
     vertex  2.726523e-01 -1.771517e-01 -3.174603e-02
     vertex  2.592621e-01 -2.120344e-01 -3.174603e-02
     vertex  1.683853e-01 -1.755137e-01 -3.174603e-02
   endloop
 endfacet
 facet normal  0.000000e+00 -0.000000e+00 -1.000000e+00
   outer loop
     vertex -1.771517e-01  2.726523e-01 -3.174603e-02
     vertex -1.755137e-01  1.683853e-01 -3.174603e-02
     vertex -2.120344e-01  2.592621e-01 -3.174603e-02
   endloop
 endfacet
 facet normal  0.000000e+00  0.000000e+00 -1.000000e+00
   outer loop
     vertex -1.771517e-01  2.726523e-01 -3.174603e-02
     vertex -1.447699e-01  1.779655e-01 -3.174603e-02
     vertex -1.755137e-01  1.683853e-01 -3.174603e-02
   endloop
 endfacet
 facet normal -0.000000e+00  0.000000e+00 -1.000000e+00
   outer loop
     vertex  2.823229e-01 -1.410605e-01 -3.174603e-02
     vertex  1.779655e-01 -1.447699e-01 -3.174603e-02
     vertex  1.837700e-01 -1.130955e-01 -3.174603e-02
   endloop
 endfacet
 facet normal  0.000000e+00  0.000000e+00 -1.000000e+00
   outer loop
     vertex  2.823229e-01 -1.410605e-01 -3.174603e-02
     vertex  2.726523e-01 -1.771517e-01 -3.174603e-02
     vertex  1.779655e-01 -1.447699e-01 -3.174603e-02
   endloop
 endfacet
 facet normal  0.000000e+00  0.000000e+00 -1.000000e+00
   outer loop
     vertex -1.410605e-01  2.823229e-01 -3.174603e-02
     vertex -1.447699e-01  1.779655e-01 -3.174603e-02
     vertex -1.771517e-01  2.726523e-01 -3.174603e-02
   endloop
 endfacet
 facet normal  0.000000e+00 -0.000000e+00 -1.000000e+00
   outer loop
     vertex -1.410605e-01  2.823229e-01 -3.174603e-02
     vertex -1.130955e-01  1.837700e-01 -3.174603e-02
     vertex -1.447699e-01  1.779655e-01 -3.174603e-02
   endloop
 endfacet
 facet normal -0.000000e+00  0.000000e+00 -1.000000e+00
   outer loop
     vertex  2.881680e-01 -1.041562e-01 -3.174603e-02
     vertex  1.837700e-01 -1.130955e-01 -3.174603e-02
     vertex  1.857143e-01 -8.095235e-02 -3.174603e-02
   endloop
 endfacet
 facet normal  0.000000e+00  0.000000e+00 -1.000000e+00
   outer loop
     vertex  2.881680e-01 -1.041562e-01 -3.174603e-02
     vertex  2.823229e-01 -1.410605e-01 -3.174603e-02
     vertex  1.837700e-01 -1.130955e-01 -3.174603e-02
   endloop
 endfacet
 facet normal  0.000000e+00 -0.000000e+00 -1.000000e+00
   outer loop
     vertex -1.041562e-01  2.881680e-01 -3.174603e-02
     vertex -8.095235e-02  1.857143e-01 -3.174603e-02
     vertex -1.130955e-01  1.837700e-01 -3.174603e-02
   endloop
 endfacet
 facet normal  0.000000e+00  0.000000e+00 -1.000000e+00
   outer loop
     vertex -1.041562e-01  2.881680e-01 -3.174603e-02
     vertex -1.130955e-01  1.837700e-01 -3.174603e-02
     vertex -1.410605e-01  2.823229e-01 -3.174603e-02
   endloop
 endfacet
 facet normal  0.000000e+00 -0.000000e+00 -1.000000e+00
   outer loop
     vertex -6.684300e-02  2.901235e-01 -3.174603e-02
     vertex -4.880923e-02  1.837700e-01 -3.174603e-02
     vertex -8.095235e-02  1.857143e-01 -3.174603e-02
   endloop
 endfacet
 facet normal  0.000000e+00  0.000000e+00 -1.000000e+00
   outer loop
     vertex -6.684300e-02  2.901235e-01 -3.174603e-02
     vertex -8.095235e-02  1.857143e-01 -3.174603e-02
     vertex -1.041562e-01  2.881680e-01 -3.174603e-02
   endloop
 endfacet
 facet normal -0.000000e+00  0.000000e+00 -1.000000e+00
   outer loop
     vertex  2.901235e-01 -6.684300e-02 -3.174603e-02
     vertex  1.857143e-01 -8.095235e-02 -3.174603e-02
     vertex  1.837700e-01 -4.880923e-02 -3.174603e-02
   endloop
 endfacet
 facet normal  0.000000e+00  0.000000e+00 -1.000000e+00
   outer loop
     vertex  2.901235e-01 -6.684300e-02 -3.174603e-02
     vertex  2.881680e-01 -1.041562e-01 -3.174603e-02
     vertex  1.857143e-01 -8.095235e-02 -3.174603e-02
   endloop
 endfacet
 facet normal -0.000000e+00  0.000000e+00 -1.000000e+00
   outer loop
     vertex  2.881680e-01 -2.952984e-02 -3.174603e-02
     vertex  1.837700e-01 -4.880923e-02 -3.174603e-02
     vertex  1.779655e-01 -1.713483e-02 -3.174603e-02
   endloop
 endfacet
 facet normal  0.000000e+00 -0.000000e+00 -1.000000e+00
   outer loop
     vertex  2.881680e-01 -2.952984e-02 -3.174603e-02
     vertex  2.901235e-01 -6.684300e-02 -3.174603e-02
     vertex  1.837700e-01 -4.880923e-02 -3.174603e-02
   endloop
 endfacet
 facet normal -0.000000e+00  0.000000e+00 -1.000000e+00
   outer loop
     vertex -2.952984e-02  2.881680e-01 -3.174603e-02
     vertex -4.880923e-02  1.837700e-01 -3.174603e-02
     vertex -6.684300e-02  2.901235e-01 -3.174603e-02
   endloop
 endfacet
 facet normal  0.000000e+00 -0.000000e+00 -1.000000e+00
   outer loop
     vertex -2.952984e-02  2.881680e-01 -3.174603e-02
     vertex -1.713483e-02  1.779655e-01 -3.174603e-02
     vertex -4.880923e-02  1.837700e-01 -3.174603e-02
   endloop
 endfacet
 facet normal  0.000000e+00 -0.000000e+00 -1.000000e+00
   outer loop
     vertex  2.823229e-01  7.374509e-03 -3.174603e-02
     vertex  2.881680e-01 -2.952984e-02 -3.174603e-02
     vertex  1.779655e-01 -1.713483e-02 -3.174603e-02
   endloop
 endfacet
 facet normal -0.000000e+00  0.000000e+00 -1.000000e+00
   outer loop
     vertex  7.374509e-03  2.823229e-01 -3.174603e-02
     vertex -1.713483e-02  1.779655e-01 -3.174603e-02
     vertex -2.952984e-02  2.881680e-01 -3.174603e-02
   endloop
 endfacet
 facet normal  0.000000e+00 -0.000000e+00 -1.000000e+00
   outer loop
     vertex  2.726523e-01  4.346571e-02 -3.174603e-02
     vertex  2.823229e-01  7.374509e-03 -3.174603e-02
     vertex  1.779655e-01 -1.713483e-02 -3.174603e-02
   endloop
 endfacet
 facet normal  0.000000e+00  0.000000e+00 -1.000000e+00
   outer loop
     vertex  2.726523e-01  4.346571e-02 -3.174603e-02
     vertex  1.779655e-01 -1.713483e-02 -3.174603e-02
     vertex  1.683853e-01  1.360897e-02 -3.174603e-02
   endloop
 endfacet
 facet normal -0.000000e+00  0.000000e+00 -1.000000e+00
   outer loop
     vertex  4.346571e-02  2.726523e-01 -3.174603e-02
     vertex -1.713483e-02  1.779655e-01 -3.174603e-02
     vertex  7.374509e-03  2.823229e-01 -3.174603e-02
   endloop
 endfacet
 facet normal  0.000000e+00  0.000000e+00 -1.000000e+00
   outer loop
     vertex  4.346571e-02  2.726523e-01 -3.174603e-02
     vertex  1.360897e-02  1.683853e-01 -3.174603e-02
     vertex -1.713483e-02  1.779655e-01 -3.174603e-02
   endloop
 endfacet
 facet normal  0.000000e+00 -0.000000e+00 -1.000000e+00
   outer loop
     vertex  2.592621e-01  7.834836e-02 -3.174603e-02
     vertex  2.726523e-01  4.346571e-02 -3.174603e-02
     vertex  1.683853e-01  1.360897e-02 -3.174603e-02
   endloop
 endfacet
 facet normal  0.000000e+00  0.000000e+00 -1.000000e+00
   outer loop
     vertex  2.592621e-01  7.834836e-02 -3.174603e-02
     vertex  1.683853e-01  1.360897e-02 -3.174603e-02
     vertex  1.551693e-01  4.297384e-02 -3.174603e-02
   endloop
 endfacet
 facet normal -0.000000e+00  0.000000e+00 -1.000000e+00
   outer loop
     vertex  7.834836e-02  2.592621e-01 -3.174603e-02
     vertex  1.360897e-02  1.683853e-01 -3.174603e-02
     vertex  4.346571e-02  2.726523e-01 -3.174603e-02
   endloop
 endfacet
 facet normal  0.000000e+00  0.000000e+00 -1.000000e+00
   outer loop
     vertex  7.834836e-02  2.592621e-01 -3.174603e-02
     vertex  4.297384e-02  1.551693e-01 -3.174603e-02
     vertex  1.360897e-02  1.683853e-01 -3.174603e-02
   endloop
 endfacet
 facet normal -0.000000e+00  0.000000e+00 -1.000000e+00
   outer loop
     vertex  1.116402e-01  2.422991e-01 -3.174603e-02
     vertex  4.297384e-02  1.551693e-01 -3.174603e-02
     vertex  7.834836e-02  2.592621e-01 -3.174603e-02
   endloop
 endfacet
 facet normal  0.000000e+00  0.000000e+00 -1.000000e+00
   outer loop
     vertex  1.116402e-01  2.422991e-01 -3.174603e-02
     vertex  7.053160e-02  1.385100e-01 -3.174603e-02
     vertex  4.297384e-02  1.551693e-01 -3.174603e-02
   endloop
 endfacet
 facet normal  0.000000e+00  0.000000e+00 -1.000000e+00
   outer loop
     vertex  2.422991e-01  1.116402e-01 -3.174603e-02
     vertex  1.551693e-01  4.297384e-02 -3.174603e-02
     vertex  1.385100e-01  7.053160e-02 -3.174603e-02
   endloop
 endfacet
 facet normal  0.000000e+00 -0.000000e+00 -1.000000e+00
   outer loop
     vertex  2.422991e-01  1.116402e-01 -3.174603e-02
     vertex  2.592621e-01  7.834836e-02 -3.174603e-02
     vertex  1.551693e-01  4.297384e-02 -3.174603e-02
   endloop
 endfacet
 facet normal -0.000000e+00  0.000000e+00 -1.000000e+00
   outer loop
     vertex  1.429766e-01  2.219490e-01 -3.174603e-02
     vertex  7.053160e-02  1.385100e-01 -3.174603e-02
     vertex  1.116402e-01  2.422991e-01 -3.174603e-02
   endloop
 endfacet
 facet normal  0.000000e+00  0.000000e+00 -1.000000e+00
   outer loop
     vertex  1.429766e-01  2.219490e-01 -3.174603e-02
     vertex  9.588038e-02  1.186505e-01 -3.174603e-02
     vertex  7.053160e-02  1.385100e-01 -3.174603e-02
   endloop
 endfacet
 facet normal  0.000000e+00 -0.000000e+00 -1.000000e+00
   outer loop
     vertex  2.219490e-01  1.429766e-01 -3.174603e-02
     vertex  2.422991e-01  1.116402e-01 -3.174603e-02
     vertex  1.385100e-01  7.053160e-02 -3.174603e-02
   endloop
 endfacet
 facet normal  0.000000e+00  0.000000e+00 -1.000000e+00
   outer loop
     vertex  2.219490e-01  1.429766e-01 -3.174603e-02
     vertex  1.385100e-01  7.053160e-02 -3.174603e-02
     vertex  1.186505e-01  9.588038e-02 -3.174603e-02
   endloop
 endfacet
 facet normal  0.000000e+00 -0.000000e+00 -1.000000e+00
   outer loop
     vertex  1.984348e-01  1.720142e-01 -3.174603e-02
     vertex  2.219490e-01  1.429766e-01 -3.174603e-02
     vertex  1.186505e-01  9.588038e-02 -3.174603e-02
   endloop
 endfacet
 facet normal -0.000000e+00  0.000000e+00 -1.000000e+00
   outer loop
     vertex  1.720142e-01  1.984348e-01 -3.174603e-02
     vertex  9.588038e-02  1.186505e-01 -3.174603e-02
     vertex  1.429766e-01  2.219490e-01 -3.174603e-02
   endloop
 endfacet
 facet normal  0.000000e+00 -0.000000e+00 -1.000000e+00
   outer loop
     vertex  1.720142e-01  1.984348e-01 -3.174603e-02
     vertex  1.984348e-01  1.720142e-01 -3.174603e-02
     vertex  1.186505e-01  9.588038e-02 -3.174603e-02
   endloop
 endfacet
 facet normal  0.000000e+00  0.000000e+00 -1.000000e+00
   outer loop
     vertex  1.720142e-01  1.984348e-01 -3.174603e-02
     vertex  1.186505e-01  9.588038e-02 -3.174603e-02
     vertex  9.588038e-02  1.186505e-01 -3.174603e-02
   endloop
 endfacet
 facet normal  0.000000e+00  0.000000e+00 -1.000000e+00
   outer loop
     vertex -3.321208e-01 -3.057002e-01 -3.174603e-02
     vertex -8.096554e-01 -7.329043e-01 -3.174603e-02
     vertex -8.495376e-01 -6.853745e-01 -3.174603e-02
   endloop
 endfacet
 facet normal  0.000000e+00  0.000000e+00 -1.000000e+00
   outer loop
     vertex -3.321208e-01 -3.057002e-01 -3.174603e-02
     vertex -7.668389e-01 -7.778089e-01 -3.174603e-02
     vertex -8.096554e-01 -7.329043e-01 -3.174603e-02
   endloop
 endfacet
 facet normal -0.000000e+00  0.000000e+00 -1.000000e+00
   outer loop
     vertex -3.057002e-01 -3.321208e-01 -3.174603e-02
     vertex -7.668389e-01 -7.778089e-01 -3.174603e-02
     vertex -3.321208e-01 -3.057002e-01 -3.174603e-02
   endloop
 endfacet
 facet normal  0.000000e+00  0.000000e+00 -1.000000e+00
   outer loop
     vertex -3.057002e-01 -3.321208e-01 -3.174603e-02
     vertex -7.212606e-01 -8.199075e-01 -3.174603e-02
     vertex -7.668389e-01 -7.778089e-01 -3.174603e-02
   endloop
 endfacet
 facet normal  0.000000e+00  0.000000e+00 -1.000000e+00
   outer loop
     vertex -3.057002e-01 -3.321208e-01 -3.174603e-02
     vertex -6.731041e-01 -8.590306e-01 -3.174603e-02
     vertex -7.212606e-01 -8.199075e-01 -3.174603e-02
   endloop
 endfacet
 facet normal  0.000000e+00 -0.000000e+00 -1.000000e+00
   outer loop
     vertex -3.556350e-01 -2.766626e-01 -3.174603e-02
     vertex -3.321208e-01 -3.057002e-01 -3.174603e-02
     vertex -8.495376e-01 -6.853745e-01 -3.174603e-02
   endloop
 endfacet
 facet normal  0.000000e+00  0.000000e+00 -1.000000e+00
   outer loop
     vertex -3.556350e-01 -2.766626e-01 -3.174603e-02
     vertex -8.863250e-01 -6.354109e-01 -3.174603e-02
     vertex -9.198695e-01 -5.832147e-01 -3.174603e-02
   endloop
 endfacet
 facet normal  0.000000e+00  0.000000e+00 -1.000000e+00
   outer loop
     vertex -3.556350e-01 -2.766626e-01 -3.174603e-02
     vertex -8.495376e-01 -6.853745e-01 -3.174603e-02
     vertex -8.863250e-01 -6.354109e-01 -3.174603e-02
   endloop
 endfacet
 facet normal -0.000000e+00  0.000000e+00 -1.000000e+00
   outer loop
     vertex -2.766626e-01 -3.556350e-01 -3.174603e-02
     vertex -6.731041e-01 -8.590306e-01 -3.174603e-02
     vertex -3.057002e-01 -3.321208e-01 -3.174603e-02
   endloop
 endfacet
 facet normal  0.000000e+00  0.000000e+00 -1.000000e+00
   outer loop
     vertex -2.766626e-01 -3.556350e-01 -3.174603e-02
     vertex -6.225631e-01 -8.950207e-01 -3.174603e-02
     vertex -6.731041e-01 -8.590306e-01 -3.174603e-02
   endloop
 endfacet
 facet normal  0.000000e+00 -0.000000e+00 -1.000000e+00
   outer loop
     vertex -3.759851e-01 -2.453262e-01 -3.174603e-02
     vertex -3.556350e-01 -2.766626e-01 -3.174603e-02
     vertex -9.198695e-01 -5.832147e-01 -3.174603e-02
   endloop
 endfacet
 facet normal  0.000000e+00  0.000000e+00 -1.000000e+00
   outer loop
     vertex -3.759851e-01 -2.453262e-01 -3.174603e-02
     vertex -9.198695e-01 -5.832147e-01 -3.174603e-02
     vertex -9.500359e-01 -5.289961e-01 -3.174603e-02
   endloop
 endfacet
 facet normal -0.000000e+00  0.000000e+00 -1.000000e+00
   outer loop
     vertex -2.453262e-01 -3.759851e-01 -3.174603e-02
     vertex -6.225631e-01 -8.950207e-01 -3.174603e-02
     vertex -2.766626e-01 -3.556350e-01 -3.174603e-02
   endloop
 endfacet
 facet normal  0.000000e+00  0.000000e+00 -1.000000e+00
   outer loop
     vertex -2.453262e-01 -3.759851e-01 -3.174603e-02
     vertex -5.698412e-01 -9.277328e-01 -3.174603e-02
     vertex -6.225631e-01 -8.950207e-01 -3.174603e-02
   endloop
 endfacet
 facet normal  0.000000e+00  0.000000e+00 -1.000000e+00
   outer loop
     vertex -2.453262e-01 -3.759851e-01 -3.174603e-02
     vertex -5.151508e-01 -9.570352e-01 -3.174603e-02
     vertex -5.698412e-01 -9.277328e-01 -3.174603e-02
   endloop
 endfacet
 facet normal  0.000000e+00 -0.000000e+00 -1.000000e+00
   outer loop
     vertex -3.929481e-01 -2.120344e-01 -3.174603e-02
     vertex -3.759851e-01 -2.453262e-01 -3.174603e-02
     vertex -9.500359e-01 -5.289961e-01 -3.174603e-02
   endloop
 endfacet
 facet normal  0.000000e+00  0.000000e+00 -1.000000e+00
   outer loop
     vertex -3.929481e-01 -2.120344e-01 -3.174603e-02
     vertex -9.767029e-01 -4.729733e-01 -3.174603e-02
     vertex -9.997629e-01 -4.153721e-01 -3.174603e-02
   endloop
 endfacet
 facet normal  0.000000e+00  0.000000e+00 -1.000000e+00
   outer loop
     vertex -3.929481e-01 -2.120344e-01 -3.174603e-02
     vertex -9.500359e-01 -5.289961e-01 -3.174603e-02
     vertex -9.767029e-01 -4.729733e-01 -3.174603e-02
   endloop
 endfacet
 facet normal  0.000000e+00  0.000000e+00 -1.000000e+00
   outer loop
     vertex -2.120344e-01 -3.929481e-01 -3.174603e-02
     vertex -4.587120e-01 -9.828099e-01 -3.174603e-02
     vertex -5.151508e-01 -9.570352e-01 -3.174603e-02
   endloop
 endfacet
 facet normal  0.000000e+00  0.000000e+00 -1.000000e+00
   outer loop
     vertex -2.120344e-01 -3.929481e-01 -3.174603e-02
     vertex -4.007521e-01 -1.004953e+00 -3.174603e-02
     vertex -4.587120e-01 -9.828099e-01 -3.174603e-02
   endloop
 endfacet
 facet normal -0.000000e+00  0.000000e+00 -1.000000e+00
   outer loop
     vertex -2.120344e-01 -3.929481e-01 -3.174603e-02
     vertex -5.151508e-01 -9.570352e-01 -3.174603e-02
     vertex -2.453262e-01 -3.759851e-01 -3.174603e-02
   endloop
 endfacet
 facet normal  0.000000e+00 -0.000000e+00 -1.000000e+00
   outer loop
     vertex -4.063383e-01 -1.771517e-01 -3.174603e-02
     vertex -3.929481e-01 -2.120344e-01 -3.174603e-02
     vertex -9.997629e-01 -4.153721e-01 -3.174603e-02
   endloop
 endfacet
 facet normal  0.000000e+00  0.000000e+00 -1.000000e+00
   outer loop
     vertex -4.063383e-01 -1.771517e-01 -3.174603e-02
     vertex -1.019123e+00 -3.564242e-01 -3.174603e-02
     vertex -1.034706e+00 -2.963671e-01 -3.174603e-02
   endloop
 endfacet
 facet normal  0.000000e+00  0.000000e+00 -1.000000e+00
   outer loop
     vertex -4.063383e-01 -1.771517e-01 -3.174603e-02
     vertex -9.997629e-01 -4.153721e-01 -3.174603e-02
     vertex -1.019123e+00 -3.564242e-01 -3.174603e-02
   endloop
 endfacet
 facet normal -0.000000e+00  0.000000e+00 -1.000000e+00
   outer loop
     vertex -1.771517e-01 -4.063383e-01 -3.174603e-02
     vertex -4.007521e-01 -1.004953e+00 -3.174603e-02
     vertex -2.120344e-01 -3.929481e-01 -3.174603e-02
   endloop
 endfacet
 facet normal  0.000000e+00  0.000000e+00 -1.000000e+00
   outer loop
     vertex -1.771517e-01 -4.063383e-01 -3.174603e-02
     vertex -3.415045e-01 -1.023376e+00 -3.174603e-02
     vertex -4.007521e-01 -1.004953e+00 -3.174603e-02
   endloop
 endfacet
 facet normal  0.000000e+00  0.000000e+00 -1.000000e+00
   outer loop
     vertex -4.160089e-01 -1.410605e-01 -3.174603e-02
     vertex -1.034706e+00 -2.963671e-01 -3.174603e-02
     vertex -1.046448e+00 -2.354426e-01 -3.174603e-02
   endloop
 endfacet
 facet normal  0.000000e+00 -0.000000e+00 -1.000000e+00
   outer loop
     vertex -4.160089e-01 -1.410605e-01 -3.174603e-02
     vertex -4.063383e-01 -1.771517e-01 -3.174603e-02
     vertex -1.034706e+00 -2.963671e-01 -3.174603e-02
   endloop
 endfacet
 facet normal -0.000000e+00  0.000000e+00 -1.000000e+00
   outer loop
     vertex -1.410605e-01 -4.160089e-01 -3.174603e-02
     vertex -3.415045e-01 -1.023376e+00 -3.174603e-02
     vertex -1.771517e-01 -4.063383e-01 -3.174603e-02
   endloop
 endfacet
 facet normal  0.000000e+00  0.000000e+00 -1.000000e+00
   outer loop
     vertex -1.410605e-01 -4.160089e-01 -3.174603e-02
     vertex -2.812078e-01 -1.038004e+00 -3.174603e-02
     vertex -3.415045e-01 -1.023376e+00 -3.174603e-02
   endloop
 endfacet
 facet normal  0.000000e+00  0.000000e+00 -1.000000e+00
   outer loop
     vertex -1.410605e-01 -4.160089e-01 -3.174603e-02
     vertex -2.201046e-01 -1.048778e+00 -3.174603e-02
     vertex -2.812078e-01 -1.038004e+00 -3.174603e-02
   endloop
 endfacet
 facet normal  0.000000e+00 -0.000000e+00 -1.000000e+00
   outer loop
     vertex -4.218540e-01 -1.041562e-01 -3.174603e-02
     vertex -4.160089e-01 -1.410605e-01 -3.174603e-02
     vertex -1.046448e+00 -2.354426e-01 -3.174603e-02
   endloop
 endfacet
 facet normal  0.000000e+00  0.000000e+00 -1.000000e+00
   outer loop
     vertex -4.218540e-01 -1.041562e-01 -3.174603e-02
     vertex -1.054303e+00 -1.738960e-01 -3.174603e-02
     vertex -1.058238e+00 -1.119752e-01 -3.174603e-02
   endloop
 endfacet
 facet normal  0.000000e+00  0.000000e+00 -1.000000e+00
   outer loop
     vertex -4.218540e-01 -1.041562e-01 -3.174603e-02
     vertex -1.046448e+00 -2.354426e-01 -3.174603e-02
     vertex -1.054303e+00 -1.738960e-01 -3.174603e-02
   endloop
 endfacet
 facet normal -0.000000e+00  0.000000e+00 -1.000000e+00
   outer loop
     vertex -1.041562e-01 -4.218540e-01 -3.174603e-02
     vertex -2.201046e-01 -1.048778e+00 -3.174603e-02
     vertex -1.410605e-01 -4.160089e-01 -3.174603e-02
   endloop
 endfacet
 facet normal  0.000000e+00  0.000000e+00 -1.000000e+00
   outer loop
     vertex -1.041562e-01 -4.218540e-01 -3.174603e-02
     vertex -1.584412e-01 -1.055655e+00 -3.174603e-02
     vertex -2.201046e-01 -1.048778e+00 -3.174603e-02
   endloop
 endfacet
 facet normal  0.000000e+00 -0.000000e+00 -1.000000e+00
   outer loop
     vertex -1.041562e-01 -4.218540e-01 -3.174603e-02
     vertex -9.646573e-02 -1.058607e+00 -3.174603e-02
     vertex -1.584412e-01 -1.055655e+00 -3.174603e-02
   endloop
 endfacet
 facet normal  0.000000e+00 -0.000000e+00 -1.000000e+00
   outer loop
     vertex -4.238095e-01 -6.684300e-02 -3.174603e-02
     vertex -4.218540e-01 -1.041562e-01 -3.174603e-02
     vertex -1.058238e+00 -1.119752e-01 -3.174603e-02
   endloop
 endfacet
 facet normal  0.000000e+00  0.000000e+00 -1.000000e+00
   outer loop
     vertex -4.238095e-01 -6.684300e-02 -3.174603e-02
     vertex -1.058238e+00 -4.992948e-02 -3.174603e-02
     vertex -1.054303e+00  1.199134e-02 -3.174603e-02
   endloop
 endfacet
 facet normal -0.000000e+00  0.000000e+00 -1.000000e+00
   outer loop
     vertex -4.238095e-01 -6.684300e-02 -3.174603e-02
     vertex -1.058238e+00 -1.119752e-01 -3.174603e-02
     vertex -1.058238e+00 -4.992948e-02 -3.174603e-02
   endloop
 endfacet
 facet normal -0.000000e+00  0.000000e+00 -1.000000e+00
   outer loop
     vertex -6.684300e-02 -4.238095e-01 -3.174603e-02
     vertex -9.646573e-02 -1.058607e+00 -3.174603e-02
     vertex -1.041562e-01 -4.218540e-01 -3.174603e-02
   endloop
 endfacet
 facet normal  0.000000e+00 -0.000000e+00 -1.000000e+00
   outer loop
     vertex -6.684300e-02 -4.238095e-01 -3.174603e-02
     vertex -3.442781e-02 -1.057623e+00 -3.174603e-02
     vertex -9.646573e-02 -1.058607e+00 -3.174603e-02
   endloop
 endfacet
 facet normal  0.000000e+00  0.000000e+00 -1.000000e+00
   outer loop
     vertex -4.218540e-01 -2.952984e-02 -3.174603e-02
     vertex -1.054303e+00  1.199134e-02 -3.174603e-02
     vertex -1.046448e+00  7.353791e-02 -3.174603e-02
   endloop
 endfacet
 facet normal -0.000000e+00  0.000000e+00 -1.000000e+00
   outer loop
     vertex -4.218540e-01 -2.952984e-02 -3.174603e-02
     vertex -4.238095e-01 -6.684300e-02 -3.174603e-02
     vertex -1.054303e+00  1.199134e-02 -3.174603e-02
   endloop
 endfacet
 facet normal  0.000000e+00  0.000000e+00 -1.000000e+00
   outer loop
     vertex -2.952984e-02 -4.218540e-01 -3.174603e-02
     vertex -3.442781e-02 -1.057623e+00 -3.174603e-02
     vertex -6.684300e-02 -4.238095e-01 -3.174603e-02
   endloop
 endfacet
 facet normal  0.000000e+00 -0.000000e+00 -1.000000e+00
   outer loop
     vertex -2.952984e-02 -4.218540e-01 -3.174603e-02
     vertex  2.742279e-02 -1.052706e+00 -3.174603e-02
     vertex -3.442781e-02 -1.057623e+00 -3.174603e-02
   endloop
 endfacet
