solid 
 facet normal -1.000000e+00  0.000000e+00  0.000000e+00
   outer loop
     vertex -3.051156e-02  6.984127e-01 -3.686073e-02
     vertex -3.051156e-02  3.174603e-01  5.867725e-01
     vertex -3.051156e-02  6.984127e-01  5.867725e-01
   endloop
 endfacet
 facet normal -1.000000e+00  0.000000e+00  0.000000e+00
   outer loop
     vertex -3.051156e-02  0.000000e+00 -3.686073e-02
     vertex -3.051156e-02  0.000000e+00  5.867725e-01
     vertex -3.051156e-02  3.174603e-01  5.867725e-01
   endloop
 endfacet
 facet normal -1.000000e+00  0.000000e+00  0.000000e+00
   outer loop
     vertex -3.051156e-02  0.000000e+00 -3.686073e-02
     vertex -3.051156e-02  3.174603e-01  5.867725e-01
     vertex -3.051156e-02  6.984127e-01 -3.686073e-02
   endloop
 endfacet
 facet normal  0.000000e+00 -1.000000e+00  0.000000e+00
   outer loop
     vertex  6.114638e-01  0.000000e+00 -3.686073e-02
     vertex -3.051156e-02  0.000000e+00  5.867725e-01
     vertex -3.051156e-02  0.000000e+00 -3.686073e-02
   endloop
 endfacet
 facet normal -0.000000e+00  0.000000e+00 -1.000000e+00
   outer loop
     vertex  6.114638e-01  3.174603e-01 -3.686073e-02
     vertex -3.051156e-02  0.000000e+00 -3.686073e-02
     vertex -3.051156e-02  6.984127e-01 -3.686073e-02
   endloop
 endfacet
 facet normal  0.000000e+00  0.000000e+00 -1.000000e+00
   outer loop
     vertex  6.114638e-01  3.174603e-01 -3.686073e-02
     vertex -3.051156e-02  6.984127e-01 -3.686073e-02
     vertex  9.232804e-01  6.984127e-01 -3.686073e-02
   endloop
 endfacet
 facet normal  0.000000e+00  0.000000e+00 -1.000000e+00
   outer loop
     vertex  9.232804e-01  3.174603e-01 -3.686073e-02
     vertex  6.114638e-01  3.174603e-01 -3.686073e-02
     vertex  9.232804e-01  6.984127e-01 -3.686073e-02
   endloop
 endfacet
 facet normal  0.000000e+00  0.000000e+00 -1.000000e+00
   outer loop
     vertex  6.114638e-01  0.000000e+00 -3.686073e-02
     vertex -3.051156e-02  0.000000e+00 -3.686073e-02
     vertex  6.114638e-01  3.174603e-01 -3.686073e-02
   endloop
 endfacet
 facet normal  0.000000e+00  1.000000e+00  0.000000e+00
   outer loop
     vertex  6.114638e-01  6.984127e-01  2.749559e-01
     vertex -3.051156e-02  6.984127e-01 -3.686073e-02
     vertex -3.051156e-02  6.984127e-01  5.867725e-01
   endloop
 endfacet
 facet normal  0.000000e+00  1.000000e+00  0.000000e+00
   outer loop
     vertex  6.114638e-01  6.984127e-01  2.749559e-01
     vertex  9.232804e-01  6.984127e-01 -3.686073e-02
     vertex -3.051156e-02  6.984127e-01 -3.686073e-02
   endloop
 endfacet
 facet normal  0.000000e+00  1.000000e+00  0.000000e+00
   outer loop
     vertex  9.232804e-01  6.984127e-01  2.749559e-01
     vertex  9.232804e-01  6.984127e-01 -3.686073e-02
     vertex  6.114638e-01  6.984127e-01  2.749559e-01
   endloop
 endfacet
 facet normal  0.000000e+00  1.000000e+00  0.000000e+00
   outer loop
     vertex  6.114638e-01  6.984127e-01  5.867725e-01
     vertex  6.114638e-01  6.984127e-01  2.749559e-01
     vertex -3.051156e-02  6.984127e-01  5.867725e-01
   endloop
 endfacet
 facet normal  6.967857e-01  0.000000e+00  7.172794e-01
   outer loop
     vertex  6.114638e-01  0.000000e+00 -3.686073e-02
     vertex -3.051156e-02  3.174603e-01  5.867725e-01
     vertex -3.051156e-02  0.000000e+00  5.867725e-01
   endloop
 endfacet
 facet normal  6.967857e-01 -0.000000e+00  7.172794e-01
   outer loop
     vertex  6.114638e-01  0.000000e+00 -3.686073e-02
     vertex  6.114638e-01  3.174603e-01 -3.686073e-02
     vertex -3.051156e-02  3.174603e-01  5.867725e-01
   endloop
 endfacet
 facet normal  0.000000e+00  0.000000e+00  1.000000e+00
   outer loop
     vertex -3.051156e-02  3.174603e-01  5.867725e-01
     vertex  6.114638e-01  3.174603e-01  5.867725e-01
     vertex  6.114638e-01  6.984127e-01  5.867725e-01
   endloop
 endfacet
 facet normal  0.000000e+00  0.000000e+00  1.000000e+00
   outer loop
     vertex -3.051156e-02  3.174603e-01  5.867725e-01
     vertex  6.114638e-01  6.984127e-01  5.867725e-01
     vertex -3.051156e-02  6.984127e-01  5.867725e-01
   endloop
 endfacet
 facet normal -0.000000e+00 -1.000000e+00 -0.000000e+00
   outer loop
     vertex  6.114638e-01  3.174603e-01  2.749559e-01
     vertex -3.051156e-02  3.174603e-01  5.867725e-01
     vertex  6.114638e-01  3.174603e-01 -3.686073e-02
   endloop
 endfacet
 facet normal  0.000000e+00 -1.000000e+00 -0.000000e+00
   outer loop
     vertex  9.232804e-01  3.174603e-01  2.749559e-01
     vertex  6.114638e-01  3.174603e-01 -3.686073e-02
     vertex  9.232804e-01  3.174603e-01 -3.686073e-02
   endloop
 endfacet
 facet normal -0.000000e+00 -1.000000e+00  0.000000e+00
   outer loop
     vertex  9.232804e-01  3.174603e-01  2.749559e-01
     vertex  6.114638e-01  3.174603e-01  2.749559e-01
     vertex  6.114638e-01  3.174603e-01 -3.686073e-02
   endloop
 endfacet
 facet normal -0.000000e+00 -1.000000e+00 -0.000000e+00
   outer loop
     vertex  6.114638e-01  3.174603e-01  5.867725e-01
     vertex -3.051156e-02  3.174603e-01  5.867725e-01
     vertex  6.114638e-01  3.174603e-01  2.749559e-01
   endloop
 endfacet
 facet normal  1.000000e+00  0.000000e+00  0.000000e+00
   outer loop
     vertex  9.232804e-01  3.174603e-01  2.749559e-01
     vertex  9.232804e-01  3.174603e-01 -3.686073e-02
     vertex  9.232804e-01  6.984127e-01 -3.686073e-02
   endloop
 endfacet
 facet normal  1.000000e+00 -0.000000e+00  0.000000e+00
   outer loop
     vertex  9.232804e-01  3.174603e-01  2.749559e-01
     vertex  9.232804e-01  6.984127e-01 -3.686073e-02
     vertex  9.232804e-01  6.984127e-01  2.749559e-01
   endloop
 endfacet
 facet normal  0.000000e+00  0.000000e+00  1.000000e+00
   outer loop
     vertex  6.114638e-01  3.174603e-01  2.749559e-01
     vertex  9.232804e-01  3.174603e-01  2.749559e-01
     vertex  9.232804e-01  6.984127e-01  2.749559e-01
   endloop
 endfacet
 facet normal  0.000000e+00  0.000000e+00  1.000000e+00
   outer loop
     vertex  6.114638e-01  3.174603e-01  2.749559e-01
     vertex  9.232804e-01  6.984127e-01  2.749559e-01
     vertex  6.114638e-01  6.984127e-01  2.749559e-01
   endloop
 endfacet
 facet normal  1.000000e+00  0.000000e+00  0.000000e+00
   outer loop
     vertex  6.114638e-01  3.174603e-01  5.867725e-01
     vertex  6.114638e-01  3.174603e-01  2.749559e-01
     vertex  6.114638e-01  6.984127e-01  2.749559e-01
   endloop
 endfacet
 facet normal  1.000000e+00 -0.000000e+00  0.000000e+00
   outer loop
     vertex  6.114638e-01  3.174603e-01  5.867725e-01
     vertex  6.114638e-01  6.984127e-01  2.749559e-01
     vertex  6.114638e-01  6.984127e-01  5.867725e-01
   endloop
 endfacet
 facet normal  0.000000e+00  0.000000e+00 -1.000000e+00
   outer loop
     vertex  6.114638e-01  3.174603e-01  2.749559e-01
     vertex  9.232804e-01  6.984127e-01  2.749559e-01
     vertex  9.232804e-01  3.174603e-01  2.749559e-01
   endloop
 endfacet
 facet normal  0.000000e+00  0.000000e+00 -1.000000e+00
   outer loop
     vertex  6.114638e-01  3.174603e-01  2.749559e-01
     vertex  6.114638e-01  6.984127e-01  2.749559e-01
     vertex  9.232804e-01  6.984127e-01  2.749559e-01
   endloop
 endfacet
 facet normal  0.000000e+00 -1.000000e+00  0.000000e+00
   outer loop
     vertex  6.114638e-01  3.174603e-01  5.867725e-01
     vertex  6.114638e-01  3.174603e-01  2.749559e-01
     vertex  9.232804e-01  3.174603e-01  2.749559e-01
   endloop
 endfacet
 facet normal -1.000000e+00  0.000000e+00  0.000000e+00
   outer loop
     vertex  6.114638e-01  3.174603e-01  5.867725e-01
     vertex  6.114638e-01  6.984127e-01  2.749559e-01
     vertex  6.114638e-01  3.174603e-01  2.749559e-01
   endloop
 endfacet
 facet normal -1.000000e+00  0.000000e+00  0.000000e+00
   outer loop
     vertex  6.114638e-01  3.174603e-01  5.867725e-01
     vertex  6.114638e-01  6.984127e-01  5.867725e-01
     vertex  6.114638e-01  6.984127e-01  2.749559e-01
   endloop
 endfacet
 facet normal  0.000000e+00  1.000000e+00  0.000000e+00
   outer loop
     vertex  9.232804e-01  6.984127e-01  5.867725e-01
     vertex  9.232804e-01  6.984127e-01  2.749559e-01
     vertex  6.114638e-01  6.984127e-01  2.749559e-01
   endloop
 endfacet
 facet normal  0.000000e+00  1.000000e+00  0.000000e+00
   outer loop
     vertex  9.232804e-01  6.984127e-01  5.867725e-01
     vertex  6.114638e-01  6.984127e-01  2.749559e-01
     vertex  6.114638e-01  6.984127e-01  5.867725e-01
   endloop
 endfacet
 facet normal  1.000000e+00  0.000000e+00  0.000000e+00
   outer loop
     vertex  9.232804e-01  3.174603e-01  2.749559e-01
     vertex  9.232804e-01  6.984127e-01  2.749559e-01
     vertex  9.232804e-01  6.984127e-01  5.867725e-01
   endloop
 endfacet
 facet normal  1.000000e+00  0.000000e+00  0.000000e+00
   outer loop
     vertex  9.232804e-01  0.000000e+00  5.867725e-01
     vertex  9.232804e-01  0.000000e+00  2.749559e-01
     vertex  9.232804e-01  3.174603e-01  2.749559e-01
   endloop
 endfacet
 facet normal  1.000000e+00 -0.000000e+00  0.000000e+00
   outer loop
     vertex  9.232804e-01  0.000000e+00  5.867725e-01
     vertex  9.232804e-01  3.174603e-01  2.749559e-01
     vertex  9.232804e-01  6.984127e-01  5.867725e-01
   endloop
 endfacet
 facet normal -7.071068e-01  0.000000e+00 -7.071067e-01
   outer loop
     vertex  6.114638e-01  0.000000e+00  5.867725e-01
     vertex  9.232804e-01  3.174603e-01  2.749559e-01
     vertex  9.232804e-01  0.000000e+00  2.749559e-01
   endloop
 endfacet
 facet normal -7.071068e-01  0.000000e+00 -7.071067e-01
   outer loop
     vertex  6.114638e-01  0.000000e+00  5.867725e-01
     vertex  6.114638e-01  3.174603e-01  5.867725e-01
     vertex  9.232804e-01  3.174603e-01  2.749559e-01
   endloop
 endfacet
 facet normal  0.000000e+00  0.000000e+00  1.000000e+00
   outer loop
     vertex  6.114638e-01  3.174603e-01  5.867725e-01
     vertex  9.232804e-01  6.984127e-01  5.867725e-01
     vertex  6.114638e-01  6.984127e-01  5.867725e-01
   endloop
 endfacet
 facet normal  0.000000e+00 -0.000000e+00  1.000000e+00
   outer loop
     vertex  9.232804e-01  0.000000e+00  5.867725e-01
     vertex  9.232804e-01  6.984127e-01  5.867725e-01
     vertex  6.114638e-01  3.174603e-01  5.867725e-01
   endloop
 endfacet
 facet normal  0.000000e+00  0.000000e+00  1.000000e+00
   outer loop
     vertex  6.114638e-01  0.000000e+00  5.867725e-01
     vertex  9.232804e-01  0.000000e+00  5.867725e-01
     vertex  6.114638e-01  3.174603e-01  5.867725e-01
   endloop
 endfacet
 facet normal -0.000000e+00 -1.000000e+00 -0.000000e+00
   outer loop
     vertex  9.232804e-01  0.000000e+00  5.867725e-01
     vertex  6.114638e-01  0.000000e+00  5.867725e-01
     vertex  9.232804e-01  0.000000e+00  2.749559e-01
   endloop
 endfacet
endsolid
