solid 
 facet normal -0.000000e+00  0.000000e+00 -1.000000e+00
   outer loop
     vertex  6.160494e-01 -1.587302e-02 -4.761905e-03
     vertex -4.761905e-03 -6.666667e-01 -4.761905e-03
     vertex -4.761905e-03 -1.587302e-02 -4.761905e-03
   endloop
 endfacet
 facet normal  0.000000e+00 -0.000000e+00 -1.000000e+00
   outer loop
     vertex  6.160494e-01 -1.587302e-02 -4.761905e-03
     vertex  6.160494e-01 -6.666667e-01 -4.761905e-03
     vertex -4.761905e-03 -6.666667e-01 -4.761905e-03
   endloop
 endfacet
 facet normal -1.000000e+00  0.000000e+00  0.000000e+00
   outer loop
     vertex -4.761905e-03 -1.587302e-02 -4.761905e-03
     vertex -4.761905e-03 -6.666667e-01  6.160494e-01
     vertex -4.761905e-03 -1.587302e-02  6.160494e-01
   endloop
 endfacet
 facet normal -1.000000e+00  0.000000e+00  0.000000e+00
   outer loop
     vertex -4.761905e-03 -1.587302e-02 -4.761905e-03
     vertex -4.761905e-03 -6.666667e-01 -4.761905e-03
     vertex -4.761905e-03 -6.666667e-01  6.160494e-01
   endloop
 endfacet
 facet normal  1.000000e+00  0.000000e+00  0.000000e+00
   outer loop
     vertex  6.160494e-01 -1.587302e-02  6.160494e-01
     vertex  6.160494e-01 -6.666667e-01 -4.761905e-03
     vertex  6.160494e-01 -1.587302e-02 -4.761905e-03
   endloop
 endfacet
 facet normal  1.000000e+00  0.000000e+00  0.000000e+00
   outer loop
     vertex  6.160494e-01 -1.587302e-02  6.160494e-01
     vertex  6.160494e-01 -6.666667e-01  6.160494e-01
     vertex  6.160494e-01 -6.666667e-01 -4.761905e-03
   endloop
 endfacet
 facet normal  0.000000e+00  0.000000e+00 -1.000000e+00
   outer loop
     vertex  6.160494e-01 -1.587302e-02 -4.761905e-03
     vertex -4.761905e-03 -1.587302e-02 -4.761905e-03
     vertex -4.761905e-03  0.000000e+00 -4.761905e-03
   endloop
 endfacet
 facet normal  0.000000e+00  0.000000e+00 -1.000000e+00
   outer loop
     vertex  6.160494e-01 -1.587302e-02 -4.761905e-03
     vertex -4.761905e-03  0.000000e+00 -4.761905e-03
     vertex  6.160494e-01  0.000000e+00 -4.761905e-03
   endloop
 endfacet
 facet normal  0.000000e+00 -1.000000e+00 -0.000000e+00
   outer loop
     vertex  1.613872e-01 -6.666667e-01  1.957230e-01
     vertex -4.761905e-03 -6.666667e-01 -4.761905e-03
     vertex  1.772040e-01 -6.666667e-01  1.772040e-01
   endloop
 endfacet
 facet normal -0.000000e+00 -1.000000e+00  0.000000e+00
   outer loop
     vertex  1.957230e-01 -6.666667e-01  1.613872e-01
     vertex  1.772040e-01 -6.666667e-01  1.772040e-01
     vertex -4.761905e-03 -6.666667e-01 -4.761905e-03
   endloop
 endfacet
 facet normal -0.000000e+00 -1.000000e+00  0.000000e+00
   outer loop
     vertex  2.164883e-01 -6.666667e-01  1.486622e-01
     vertex  1.957230e-01 -6.666667e-01  1.613872e-01
     vertex -4.761905e-03 -6.666667e-01 -4.761905e-03
   endloop
 endfacet
 facet normal  0.000000e+00 -1.000000e+00 -0.000000e+00
   outer loop
     vertex  1.486622e-01 -6.666667e-01  2.164883e-01
     vertex -4.761905e-03 -6.666667e-01 -4.761905e-03
     vertex  1.613872e-01 -6.666667e-01  1.957230e-01
   endloop
 endfacet
 facet normal  0.000000e+00 -1.000000e+00 -0.000000e+00
   outer loop
     vertex  1.393423e-01 -6.666667e-01  2.389886e-01
     vertex -4.761905e-03 -6.666667e-01 -4.761905e-03
     vertex  1.486622e-01 -6.666667e-01  2.164883e-01
   endloop
 endfacet
 facet normal -0.000000e+00 -1.000000e+00  0.000000e+00
   outer loop
     vertex  2.389886e-01 -6.666667e-01  1.393423e-01
     vertex  2.164883e-01 -6.666667e-01  1.486622e-01
     vertex -4.761905e-03 -6.666667e-01 -4.761905e-03
   endloop
 endfacet
 facet normal -0.000000e+00 -1.000000e+00  0.000000e+00
   outer loop
     vertex  2.626699e-01 -6.666667e-01  1.336569e-01
     vertex  2.389886e-01 -6.666667e-01  1.393423e-01
     vertex -4.761905e-03 -6.666667e-01 -4.761905e-03
   endloop
 endfacet
 facet normal  0.000000e+00 -1.000000e+00 -0.000000e+00
   outer loop
     vertex  1.336569e-01 -6.666667e-01  2.626699e-01
     vertex -4.761905e-03 -6.666667e-01 -4.761905e-03
     vertex  1.393423e-01 -6.666667e-01  2.389886e-01
   endloop
 endfacet
 facet normal  0.000000e+00 -1.000000e+00 -0.000000e+00
   outer loop
     vertex  1.317461e-01 -6.666667e-01  2.869489e-01
     vertex -4.761905e-03 -6.666667e-01 -4.761905e-03
     vertex  1.336569e-01 -6.666667e-01  2.626699e-01
   endloop
 endfacet
 facet normal -0.000000e+00 -1.000000e+00  0.000000e+00
   outer loop
     vertex  2.869489e-01 -6.666667e-01  1.317461e-01
     vertex  2.626699e-01 -6.666667e-01  1.336569e-01
     vertex -4.761905e-03 -6.666667e-01 -4.761905e-03
   endloop
 endfacet
 facet normal  0.000000e+00 -1.000000e+00  0.000000e+00
   outer loop
     vertex -4.761905e-03 -6.666667e-01  6.160494e-01
     vertex  1.772040e-01 -6.666667e-01  3.966939e-01
     vertex  1.957230e-01 -6.666667e-01  4.125106e-01
   endloop
 endfacet
 facet normal  0.000000e+00 -1.000000e+00  0.000000e+00
   outer loop
     vertex -4.761905e-03 -6.666667e-01  6.160494e-01
     vertex  1.613872e-01 -6.666667e-01  3.781749e-01
     vertex  1.772040e-01 -6.666667e-01  3.966939e-01
   endloop
 endfacet
 facet normal  0.000000e+00 -1.000000e+00  0.000000e+00
   outer loop
     vertex -4.761905e-03 -6.666667e-01  6.160494e-01
     vertex  1.486622e-01 -6.666667e-01  3.574095e-01
     vertex  1.613872e-01 -6.666667e-01  3.781749e-01
   endloop
 endfacet
 facet normal  0.000000e+00 -1.000000e+00  0.000000e+00
   outer loop
     vertex -4.761905e-03 -6.666667e-01  6.160494e-01
     vertex  1.393423e-01 -6.666667e-01  3.349092e-01
     vertex  1.486622e-01 -6.666667e-01  3.574095e-01
   endloop
 endfacet
 facet normal  0.000000e+00 -1.000000e+00  0.000000e+00
   outer loop
     vertex -4.761905e-03 -6.666667e-01  6.160494e-01
     vertex  1.336569e-01 -6.666667e-01  3.112280e-01
     vertex  1.393423e-01 -6.666667e-01  3.349092e-01
   endloop
 endfacet
 facet normal  0.000000e+00 -1.000000e+00  0.000000e+00
   outer loop
     vertex -4.761905e-03 -6.666667e-01  6.160494e-01
     vertex  1.317461e-01 -6.666667e-01  2.869489e-01
     vertex  1.336569e-01 -6.666667e-01  3.112280e-01
   endloop
 endfacet
 facet normal  0.000000e+00 -1.000000e+00  0.000000e+00
   outer loop
     vertex -4.761905e-03 -6.666667e-01  6.160494e-01
     vertex -4.761905e-03 -6.666667e-01 -4.761905e-03
     vertex  1.317461e-01 -6.666667e-01  2.869489e-01
   endloop
 endfacet
 facet normal  0.000000e+00 -1.000000e+00  0.000000e+00
   outer loop
     vertex  6.160494e-01 -6.666667e-01 -4.761905e-03
     vertex  3.112280e-01 -6.666667e-01  1.336569e-01
     vertex  2.869489e-01 -6.666667e-01  1.317461e-01
   endloop
 endfacet
 facet normal  0.000000e+00 -1.000000e+00  0.000000e+00
   outer loop
     vertex  6.160494e-01 -6.666667e-01 -4.761905e-03
     vertex  3.349092e-01 -6.666667e-01  1.393423e-01
     vertex  3.112280e-01 -6.666667e-01  1.336569e-01
   endloop
 endfacet
 facet normal  0.000000e+00 -1.000000e+00  0.000000e+00
   outer loop
     vertex  6.160494e-01 -6.666667e-01 -4.761905e-03
     vertex  3.574095e-01 -6.666667e-01  1.486622e-01
     vertex  3.349092e-01 -6.666667e-01  1.393423e-01
   endloop
 endfacet
 facet normal  0.000000e+00 -1.000000e+00  0.000000e+00
   outer loop
     vertex  6.160494e-01 -6.666667e-01 -4.761905e-03
     vertex  3.781749e-01 -6.666667e-01  1.613872e-01
     vertex  3.574095e-01 -6.666667e-01  1.486622e-01
   endloop
 endfacet
 facet normal  0.000000e+00 -1.000000e+00  0.000000e+00
   outer loop
     vertex  6.160494e-01 -6.666667e-01 -4.761905e-03
     vertex  3.966939e-01 -6.666667e-01  1.772040e-01
     vertex  3.781749e-01 -6.666667e-01  1.613872e-01
   endloop
 endfacet
 facet normal  0.000000e+00 -1.000000e+00  0.000000e+00
   outer loop
     vertex  6.160494e-01 -6.666667e-01 -4.761905e-03
     vertex  4.125106e-01 -6.666667e-01  1.957230e-01
     vertex  3.966939e-01 -6.666667e-01  1.772040e-01
   endloop
 endfacet
 facet normal  0.000000e+00 -1.000000e+00  0.000000e+00
   outer loop
     vertex  6.160494e-01 -6.666667e-01 -4.761905e-03
     vertex  2.869489e-01 -6.666667e-01  1.317461e-01
     vertex -4.761905e-03 -6.666667e-01 -4.761905e-03
   endloop
 endfacet
 facet normal  0.000000e+00 -1.000000e+00 -0.000000e+00
   outer loop
     vertex  4.252357e-01 -6.666667e-01  2.164883e-01
     vertex  4.125106e-01 -6.666667e-01  1.957230e-01
     vertex  6.160494e-01 -6.666667e-01 -4.761905e-03
   endloop
 endfacet
 facet normal -0.000000e+00 -1.000000e+00  0.000000e+00
   outer loop
     vertex  2.164883e-01 -6.666667e-01  4.252357e-01
     vertex -4.761905e-03 -6.666667e-01  6.160494e-01
     vertex  1.957230e-01 -6.666667e-01  4.125106e-01
   endloop
 endfacet
 facet normal -0.000000e+00 -1.000000e+00  0.000000e+00
   outer loop
     vertex  2.389886e-01 -6.666667e-01  4.345556e-01
     vertex -4.761905e-03 -6.666667e-01  6.160494e-01
     vertex  2.164883e-01 -6.666667e-01  4.252357e-01
   endloop
 endfacet
 facet normal  0.000000e+00 -1.000000e+00 -0.000000e+00
   outer loop
     vertex  4.345556e-01 -6.666667e-01  2.389886e-01
     vertex  4.252357e-01 -6.666667e-01  2.164883e-01
     vertex  6.160494e-01 -6.666667e-01 -4.761905e-03
   endloop
 endfacet
 facet normal  0.000000e+00 -1.000000e+00 -0.000000e+00
   outer loop
     vertex  4.402409e-01 -6.666667e-01  2.626699e-01
     vertex  4.345556e-01 -6.666667e-01  2.389886e-01
     vertex  6.160494e-01 -6.666667e-01 -4.761905e-03
   endloop
 endfacet
 facet normal -0.000000e+00 -1.000000e+00  0.000000e+00
   outer loop
     vertex  2.626699e-01 -6.666667e-01  4.402409e-01
     vertex -4.761905e-03 -6.666667e-01  6.160494e-01
     vertex  2.389886e-01 -6.666667e-01  4.345556e-01
   endloop
 endfacet
 facet normal  0.000000e+00 -1.000000e+00 -0.000000e+00
   outer loop
     vertex  4.421517e-01 -6.666667e-01  2.869489e-01
     vertex  4.402409e-01 -6.666667e-01  2.626699e-01
     vertex  6.160494e-01 -6.666667e-01 -4.761905e-03
   endloop
 endfacet
 facet normal -0.000000e+00 -1.000000e+00  0.000000e+00
   outer loop
     vertex  2.869489e-01 -6.666667e-01  4.421517e-01
     vertex -4.761905e-03 -6.666667e-01  6.160494e-01
     vertex  2.626699e-01 -6.666667e-01  4.402409e-01
   endloop
 endfacet
 facet normal  0.000000e+00 -1.000000e+00  0.000000e+00
   outer loop
     vertex  6.160494e-01 -6.666667e-01  6.160494e-01
     vertex  4.402409e-01 -6.666667e-01  3.112280e-01
     vertex  4.421517e-01 -6.666667e-01  2.869489e-01
   endloop
 endfacet
 facet normal  0.000000e+00 -1.000000e+00  0.000000e+00
   outer loop
     vertex  6.160494e-01 -6.666667e-01  6.160494e-01
     vertex  4.345556e-01 -6.666667e-01  3.349092e-01
     vertex  4.402409e-01 -6.666667e-01  3.112280e-01
   endloop
 endfacet
 facet normal  0.000000e+00 -1.000000e+00  0.000000e+00
   outer loop
     vertex  6.160494e-01 -6.666667e-01  6.160494e-01
     vertex  4.252357e-01 -6.666667e-01  3.574095e-01
     vertex  4.345556e-01 -6.666667e-01  3.349092e-01
   endloop
 endfacet
 facet normal  0.000000e+00 -1.000000e+00  0.000000e+00
   outer loop
     vertex  6.160494e-01 -6.666667e-01  6.160494e-01
     vertex  4.125106e-01 -6.666667e-01  3.781749e-01
     vertex  4.252357e-01 -6.666667e-01  3.574095e-01
   endloop
 endfacet
 facet normal  0.000000e+00 -1.000000e+00  0.000000e+00
   outer loop
     vertex  6.160494e-01 -6.666667e-01  6.160494e-01
     vertex  3.966939e-01 -6.666667e-01  3.966939e-01
     vertex  4.125106e-01 -6.666667e-01  3.781749e-01
   endloop
 endfacet
 facet normal  0.000000e+00 -1.000000e+00  0.000000e+00
   outer loop
     vertex  6.160494e-01 -6.666667e-01  6.160494e-01
     vertex  3.781749e-01 -6.666667e-01  4.125106e-01
     vertex  3.966939e-01 -6.666667e-01  3.966939e-01
   endloop
 endfacet
 facet normal -0.000000e+00 -1.000000e+00  0.000000e+00
   outer loop
     vertex  6.160494e-01 -6.666667e-01  6.160494e-01
     vertex -4.761905e-03 -6.666667e-01  6.160494e-01
     vertex  2.869489e-01 -6.666667e-01  4.421517e-01
   endloop
 endfacet
 facet normal  0.000000e+00 -1.000000e+00  0.000000e+00
   outer loop
     vertex  6.160494e-01 -6.666667e-01  6.160494e-01
     vertex  3.574095e-01 -6.666667e-01  4.252357e-01
     vertex  3.781749e-01 -6.666667e-01  4.125106e-01
   endloop
 endfacet
 facet normal  0.000000e+00 -1.000000e+00  0.000000e+00
   outer loop
     vertex  6.160494e-01 -6.666667e-01  6.160494e-01
     vertex  3.349092e-01 -6.666667e-01  4.345556e-01
     vertex  3.574095e-01 -6.666667e-01  4.252357e-01
   endloop
 endfacet
 facet normal  0.000000e+00 -1.000000e+00  0.000000e+00
   outer loop
     vertex  6.160494e-01 -6.666667e-01  6.160494e-01
     vertex  3.112280e-01 -6.666667e-01  4.402409e-01
     vertex  3.349092e-01 -6.666667e-01  4.345556e-01
   endloop
 endfacet
 facet normal  0.000000e+00 -1.000000e+00  0.000000e+00
   outer loop
     vertex  6.160494e-01 -6.666667e-01  6.160494e-01
     vertex  2.869489e-01 -6.666667e-01  4.421517e-01
     vertex  3.112280e-01 -6.666667e-01  4.402409e-01
   endloop
 endfacet
 facet normal  0.000000e+00 -1.000000e+00 -0.000000e+00
   outer loop
     vertex  6.160494e-01 -6.666667e-01  6.160494e-01
     vertex  4.421517e-01 -6.666667e-01  2.869489e-01
     vertex  6.160494e-01 -6.666667e-01 -4.761905e-03
   endloop
 endfacet
 facet normal -0.000000e+00  0.000000e+00  1.000000e+00
   outer loop
     vertex -4.761905e-03 -1.587302e-02  6.160494e-01
     vertex  6.160494e-01 -6.666667e-01  6.160494e-01
     vertex  6.160494e-01 -1.587302e-02  6.160494e-01
   endloop
 endfacet
 facet normal  0.000000e+00  0.000000e+00  1.000000e+00
   outer loop
     vertex -4.761905e-03 -1.587302e-02  6.160494e-01
     vertex -4.761905e-03 -6.666667e-01  6.160494e-01
     vertex  6.160494e-01 -6.666667e-01  6.160494e-01
   endloop
 endfacet
 facet normal -1.000000e+00  0.000000e+00  0.000000e+00
   outer loop
     vertex -4.761905e-03 -1.587302e-02 -4.761905e-03
     vertex -4.761905e-03 -1.587302e-02  6.160494e-01
     vertex -4.761905e-03  0.000000e+00  6.160494e-01
   endloop
 endfacet
 facet normal -1.000000e+00  0.000000e+00  0.000000e+00
   outer loop
     vertex -4.761905e-03 -1.587302e-02 -4.761905e-03
     vertex -4.761905e-03  0.000000e+00  6.160494e-01
     vertex -4.761905e-03  0.000000e+00 -4.761905e-03
   endloop
 endfacet
 facet normal  1.000000e+00  0.000000e+00  0.000000e+00
   outer loop
     vertex  6.160494e-01 -1.587302e-02  6.160494e-01
     vertex  6.160494e-01 -1.587302e-02 -4.761905e-03
     vertex  6.160494e-01  0.000000e+00 -4.761905e-03
   endloop
 endfacet
 facet normal  1.000000e+00 -0.000000e+00  0.000000e+00
   outer loop
     vertex  6.160494e-01 -1.587302e-02  6.160494e-01
     vertex  6.160494e-01  0.000000e+00 -4.761905e-03
     vertex  6.160494e-01  0.000000e+00  6.160494e-01
   endloop
 endfacet
 facet normal  0.000000e+00  1.000000e+00  0.000000e+00
   outer loop
     vertex  1.613872e-01  0.000000e+00  1.957230e-01
     vertex  1.772040e-01  0.000000e+00  1.772040e-01
     vertex -4.761905e-03  0.000000e+00 -4.761905e-03
   endloop
 endfacet
 facet normal  0.000000e+00  1.000000e+00  0.000000e+00
   outer loop
     vertex  1.957230e-01  0.000000e+00  1.613872e-01
     vertex -4.761905e-03  0.000000e+00 -4.761905e-03
     vertex  1.772040e-01  0.000000e+00  1.772040e-01
   endloop
 endfacet
 facet normal  0.000000e+00  1.000000e+00  0.000000e+00
   outer loop
     vertex  2.164883e-01  0.000000e+00  1.486622e-01
     vertex -4.761905e-03  0.000000e+00 -4.761905e-03
     vertex  1.957230e-01  0.000000e+00  1.613872e-01
   endloop
 endfacet
 facet normal  0.000000e+00  1.000000e+00  0.000000e+00
   outer loop
     vertex  1.486622e-01  0.000000e+00  2.164883e-01
     vertex  1.613872e-01  0.000000e+00  1.957230e-01
     vertex -4.761905e-03  0.000000e+00 -4.761905e-03
   endloop
 endfacet
 facet normal  0.000000e+00  1.000000e+00  0.000000e+00
   outer loop
     vertex  1.393423e-01  0.000000e+00  2.389886e-01
     vertex  1.486622e-01  0.000000e+00  2.164883e-01
     vertex -4.761905e-03  0.000000e+00 -4.761905e-03
   endloop
 endfacet
 facet normal  0.000000e+00  1.000000e+00  0.000000e+00
   outer loop
     vertex  2.389886e-01  0.000000e+00  1.393423e-01
     vertex -4.761905e-03  0.000000e+00 -4.761905e-03
     vertex  2.164883e-01  0.000000e+00  1.486622e-01
   endloop
 endfacet
 facet normal  0.000000e+00  1.000000e+00  0.000000e+00
   outer loop
     vertex  2.626699e-01  0.000000e+00  1.336569e-01
     vertex -4.761905e-03  0.000000e+00 -4.761905e-03
     vertex  2.389886e-01  0.000000e+00  1.393423e-01
   endloop
 endfacet
 facet normal  0.000000e+00  1.000000e+00  0.000000e+00
   outer loop
     vertex  1.336569e-01  0.000000e+00  2.626699e-01
     vertex  1.393423e-01  0.000000e+00  2.389886e-01
     vertex -4.761905e-03  0.000000e+00 -4.761905e-03
   endloop
 endfacet
 facet normal  0.000000e+00  1.000000e+00  0.000000e+00
   outer loop
     vertex  1.317461e-01  0.000000e+00  2.869489e-01
     vertex  1.336569e-01  0.000000e+00  2.626699e-01
     vertex -4.761905e-03  0.000000e+00 -4.761905e-03
   endloop
 endfacet
 facet normal  0.000000e+00  1.000000e+00  0.000000e+00
   outer loop
     vertex  2.869489e-01  0.000000e+00  1.317461e-01
     vertex -4.761905e-03  0.000000e+00 -4.761905e-03
     vertex  2.626699e-01  0.000000e+00  1.336569e-01
   endloop
 endfacet
 facet normal  0.000000e+00  1.000000e+00  0.000000e+00
   outer loop
     vertex -4.761905e-03  0.000000e+00  6.160494e-01
     vertex  1.957230e-01  0.000000e+00  4.125106e-01
     vertex  1.772040e-01  0.000000e+00  3.966939e-01
   endloop
 endfacet
 facet normal  0.000000e+00  1.000000e+00  0.000000e+00
   outer loop
     vertex -4.761905e-03  0.000000e+00  6.160494e-01
     vertex  1.772040e-01  0.000000e+00  3.966939e-01
     vertex  1.613872e-01  0.000000e+00  3.781749e-01
   endloop
 endfacet
 facet normal  0.000000e+00  1.000000e+00  0.000000e+00
   outer loop
     vertex -4.761905e-03  0.000000e+00  6.160494e-01
     vertex  1.613872e-01  0.000000e+00  3.781749e-01
     vertex  1.486622e-01  0.000000e+00  3.574095e-01
   endloop
 endfacet
 facet normal  0.000000e+00  1.000000e+00  0.000000e+00
   outer loop
     vertex -4.761905e-03  0.000000e+00  6.160494e-01
     vertex  1.486622e-01  0.000000e+00  3.574095e-01
     vertex  1.393423e-01  0.000000e+00  3.349092e-01
   endloop
 endfacet
 facet normal  0.000000e+00  1.000000e+00  0.000000e+00
   outer loop
     vertex -4.761905e-03  0.000000e+00  6.160494e-01
     vertex  1.393423e-01  0.000000e+00  3.349092e-01
     vertex  1.336569e-01  0.000000e+00  3.112280e-01
   endloop
 endfacet
 facet normal  0.000000e+00  1.000000e+00  0.000000e+00
   outer loop
     vertex -4.761905e-03  0.000000e+00  6.160494e-01
     vertex  1.336569e-01  0.000000e+00  3.112280e-01
     vertex  1.317461e-01  0.000000e+00  2.869489e-01
   endloop
 endfacet
 facet normal  0.000000e+00  1.000000e+00  0.000000e+00
   outer loop
     vertex -4.761905e-03  0.000000e+00  6.160494e-01
     vertex  1.317461e-01  0.000000e+00  2.869489e-01
     vertex -4.761905e-03  0.000000e+00 -4.761905e-03
   endloop
 endfacet
 facet normal  0.000000e+00  1.000000e+00  0.000000e+00
   outer loop
     vertex  6.160494e-01  0.000000e+00 -4.761905e-03
     vertex  2.869489e-01  0.000000e+00  1.317461e-01
     vertex  3.112280e-01  0.000000e+00  1.336569e-01
   endloop
 endfacet
 facet normal  0.000000e+00  1.000000e+00  0.000000e+00
   outer loop
     vertex  6.160494e-01  0.000000e+00 -4.761905e-03
     vertex  3.112280e-01  0.000000e+00  1.336569e-01
     vertex  3.349092e-01  0.000000e+00  1.393423e-01
   endloop
 endfacet
 facet normal  0.000000e+00  1.000000e+00  0.000000e+00
   outer loop
     vertex  6.160494e-01  0.000000e+00 -4.761905e-03
     vertex  3.349092e-01  0.000000e+00  1.393423e-01
     vertex  3.574095e-01  0.000000e+00  1.486622e-01
   endloop
 endfacet
 facet normal  0.000000e+00  1.000000e+00  0.000000e+00
   outer loop
     vertex  6.160494e-01  0.000000e+00 -4.761905e-03
     vertex  3.574095e-01  0.000000e+00  1.486622e-01
     vertex  3.781749e-01  0.000000e+00  1.613872e-01
   endloop
 endfacet
 facet normal  0.000000e+00  1.000000e+00  0.000000e+00
   outer loop
     vertex  6.160494e-01  0.000000e+00 -4.761905e-03
     vertex  3.781749e-01  0.000000e+00  1.613872e-01
     vertex  3.966939e-01  0.000000e+00  1.772040e-01
   endloop
 endfacet
 facet normal  0.000000e+00  1.000000e+00  0.000000e+00
   outer loop
     vertex  6.160494e-01  0.000000e+00 -4.761905e-03
     vertex  3.966939e-01  0.000000e+00  1.772040e-01
     vertex  4.125106e-01  0.000000e+00  1.957230e-01
   endloop
 endfacet
 facet normal  0.000000e+00  1.000000e+00  0.000000e+00
   outer loop
     vertex  6.160494e-01  0.000000e+00 -4.761905e-03
     vertex -4.761905e-03  0.000000e+00 -4.761905e-03
     vertex  2.869489e-01  0.000000e+00  1.317461e-01
   endloop
 endfacet
 facet normal  0.000000e+00  1.000000e+00  0.000000e+00
   outer loop
     vertex  4.252357e-01  0.000000e+00  2.164883e-01
     vertex  6.160494e-01  0.000000e+00 -4.761905e-03
     vertex  4.125106e-01  0.000000e+00  1.957230e-01
   endloop
 endfacet
 facet normal  0.000000e+00  1.000000e+00  0.000000e+00
   outer loop
     vertex  2.164883e-01  0.000000e+00  4.252357e-01
     vertex  1.957230e-01  0.000000e+00  4.125106e-01
     vertex -4.761905e-03  0.000000e+00  6.160494e-01
   endloop
 endfacet
 facet normal  0.000000e+00  1.000000e+00  0.000000e+00
   outer loop
     vertex  2.389886e-01  0.000000e+00  4.345556e-01
     vertex  2.164883e-01  0.000000e+00  4.252357e-01
     vertex -4.761905e-03  0.000000e+00  6.160494e-01
   endloop
 endfacet
 facet normal  0.000000e+00  1.000000e+00  0.000000e+00
   outer loop
     vertex  4.345556e-01  0.000000e+00  2.389886e-01
     vertex  6.160494e-01  0.000000e+00 -4.761905e-03
     vertex  4.252357e-01  0.000000e+00  2.164883e-01
   endloop
 endfacet
 facet normal  0.000000e+00  1.000000e+00  0.000000e+00
   outer loop
     vertex  4.402409e-01  0.000000e+00  2.626699e-01
     vertex  6.160494e-01  0.000000e+00 -4.761905e-03
     vertex  4.345556e-01  0.000000e+00  2.389886e-01
   endloop
 endfacet
 facet normal  0.000000e+00  1.000000e+00  0.000000e+00
   outer loop
     vertex  2.626699e-01  0.000000e+00  4.402409e-01
     vertex  2.389886e-01  0.000000e+00  4.345556e-01
     vertex -4.761905e-03  0.000000e+00  6.160494e-01
   endloop
 endfacet
 facet normal  0.000000e+00  1.000000e+00  0.000000e+00
   outer loop
     vertex  4.421517e-01  0.000000e+00  2.869489e-01
     vertex  6.160494e-01  0.000000e+00 -4.761905e-03
     vertex  4.402409e-01  0.000000e+00  2.626699e-01
   endloop
 endfacet
 facet normal  0.000000e+00  1.000000e+00  0.000000e+00
   outer loop
     vertex  2.869489e-01  0.000000e+00  4.421517e-01
     vertex  2.626699e-01  0.000000e+00  4.402409e-01
     vertex -4.761905e-03  0.000000e+00  6.160494e-01
   endloop
 endfacet
 facet normal  0.000000e+00  1.000000e+00  0.000000e+00
   outer loop
     vertex  6.160494e-01  0.000000e+00  6.160494e-01
     vertex  4.421517e-01  0.000000e+00  2.869489e-01
     vertex  4.402409e-01  0.000000e+00  3.112280e-01
   endloop
 endfacet
 facet normal  0.000000e+00  1.000000e+00  0.000000e+00
   outer loop
     vertex  6.160494e-01  0.000000e+00  6.160494e-01
     vertex  4.402409e-01  0.000000e+00  3.112280e-01
     vertex  4.345556e-01  0.000000e+00  3.349092e-01
   endloop
 endfacet
 facet normal  0.000000e+00  1.000000e+00  0.000000e+00
   outer loop
     vertex  6.160494e-01  0.000000e+00  6.160494e-01
     vertex  4.345556e-01  0.000000e+00  3.349092e-01
     vertex  4.252357e-01  0.000000e+00  3.574095e-01
   endloop
 endfacet
 facet normal  0.000000e+00  1.000000e+00  0.000000e+00
   outer loop
     vertex  6.160494e-01  0.000000e+00  6.160494e-01
     vertex  4.252357e-01  0.000000e+00  3.574095e-01
     vertex  4.125106e-01  0.000000e+00  3.781749e-01
   endloop
 endfacet
 facet normal  0.000000e+00  1.000000e+00  0.000000e+00
   outer loop
     vertex  6.160494e-01  0.000000e+00  6.160494e-01
     vertex  4.125106e-01  0.000000e+00  3.781749e-01
     vertex  3.966939e-01  0.000000e+00  3.966939e-01
   endloop
 endfacet
 facet normal  0.000000e+00  1.000000e+00  0.000000e+00
   outer loop
     vertex  6.160494e-01  0.000000e+00  6.160494e-01
     vertex  3.966939e-01  0.000000e+00  3.966939e-01
     vertex  3.781749e-01  0.000000e+00  4.125106e-01
   endloop
 endfacet
 facet normal  0.000000e+00  1.000000e+00  0.000000e+00
   outer loop
     vertex  6.160494e-01  0.000000e+00  6.160494e-01
     vertex  2.869489e-01  0.000000e+00  4.421517e-01
     vertex -4.761905e-03  0.000000e+00  6.160494e-01
   endloop
 endfacet
 facet normal  0.000000e+00  1.000000e+00  0.000000e+00
   outer loop
     vertex  6.160494e-01  0.000000e+00  6.160494e-01
     vertex  3.781749e-01  0.000000e+00  4.125106e-01
     vertex  3.574095e-01  0.000000e+00  4.252357e-01
   endloop
 endfacet
 facet normal  0.000000e+00  1.000000e+00  0.000000e+00
   outer loop
     vertex  6.160494e-01  0.000000e+00  6.160494e-01
     vertex  3.574095e-01  0.000000e+00  4.252357e-01
     vertex  3.349092e-01  0.000000e+00  4.345556e-01
   endloop
 endfacet
 facet normal  0.000000e+00  1.000000e+00  0.000000e+00
   outer loop
     vertex  6.160494e-01  0.000000e+00  6.160494e-01
     vertex  3.349092e-01  0.000000e+00  4.345556e-01
     vertex  3.112280e-01  0.000000e+00  4.402409e-01
   endloop
 endfacet
 facet normal  0.000000e+00  1.000000e+00  0.000000e+00
   outer loop
     vertex  6.160494e-01  0.000000e+00  6.160494e-01
     vertex  3.112280e-01  0.000000e+00  4.402409e-01
     vertex  2.869489e-01  0.000000e+00  4.421517e-01
   endloop
 endfacet
 facet normal  0.000000e+00  1.000000e+00  0.000000e+00
   outer loop
     vertex  6.160494e-01  0.000000e+00  6.160494e-01
     vertex  6.160494e-01  0.000000e+00 -4.761905e-03
     vertex  4.421517e-01  0.000000e+00  2.869489e-01
   endloop
 endfacet
 facet normal -9.969173e-01  0.000000e+00 -7.845910e-02
   outer loop
     vertex  4.402409e-01 -6.666667e-01  3.112280e-01
     vertex  4.421517e-01  0.000000e+00  2.869489e-01
     vertex  4.421517e-01 -6.666667e-01  2.869489e-01
   endloop
 endfacet
 facet normal -9.969173e-01  0.000000e+00 -7.845910e-02
   outer loop
     vertex  4.402409e-01 -6.666667e-01  3.112280e-01
     vertex  4.402409e-01  0.000000e+00  3.112280e-01
     vertex  4.421517e-01  0.000000e+00  2.869489e-01
   endloop
 endfacet
 facet normal -9.723699e-01  0.000000e+00 -2.334454e-01
   outer loop
     vertex  4.345556e-01 -6.666667e-01  3.349092e-01
     vertex  4.345556e-01  0.000000e+00  3.349092e-01
     vertex  4.402409e-01  0.000000e+00  3.112280e-01
   endloop
 endfacet
 facet normal -9.723699e-01  0.000000e+00 -2.334454e-01
   outer loop
     vertex  4.345556e-01 -6.666667e-01  3.349092e-01
     vertex  4.402409e-01  0.000000e+00  3.112280e-01
     vertex  4.402409e-01 -6.666667e-01  3.112280e-01
   endloop
 endfacet
 facet normal -9.238795e-01  0.000000e+00 -3.826834e-01
   outer loop
     vertex  4.252357e-01 -6.666667e-01  3.574095e-01
     vertex  4.252357e-01  0.000000e+00  3.574095e-01
     vertex  4.345556e-01  0.000000e+00  3.349092e-01
   endloop
 endfacet
 facet normal -9.238795e-01  0.000000e+00 -3.826834e-01
   outer loop
     vertex  4.252357e-01 -6.666667e-01  3.574095e-01
     vertex  4.345556e-01  0.000000e+00  3.349092e-01
     vertex  4.345556e-01 -6.666667e-01  3.349092e-01
   endloop
 endfacet
 facet normal -8.526402e-01  0.000000e+00 -5.224986e-01
   outer loop
     vertex  4.125106e-01 -6.666667e-01  3.781749e-01
     vertex  4.252357e-01  0.000000e+00  3.574095e-01
     vertex  4.252357e-01 -6.666667e-01  3.574095e-01
   endloop
 endfacet
 facet normal -8.526402e-01  0.000000e+00 -5.224986e-01
   outer loop
     vertex  4.125106e-01 -6.666667e-01  3.781749e-01
     vertex  4.125106e-01  0.000000e+00  3.781749e-01
     vertex  4.252357e-01  0.000000e+00  3.574095e-01
   endloop
 endfacet
 facet normal -7.604060e-01  0.000000e+00 -6.494480e-01
   outer loop
     vertex  3.966939e-01 -6.666667e-01  3.966939e-01
     vertex  4.125106e-01  0.000000e+00  3.781749e-01
     vertex  4.125106e-01 -6.666667e-01  3.781749e-01
   endloop
 endfacet
 facet normal -7.604060e-01  0.000000e+00 -6.494480e-01
   outer loop
     vertex  3.966939e-01 -6.666667e-01  3.966939e-01
     vertex  3.966939e-01  0.000000e+00  3.966939e-01
     vertex  4.125106e-01  0.000000e+00  3.781749e-01
   endloop
 endfacet
 facet normal -6.494480e-01  0.000000e+00 -7.604060e-01
   outer loop
     vertex  3.781749e-01 -6.666667e-01  4.125106e-01
     vertex  3.966939e-01  0.000000e+00  3.966939e-01
     vertex  3.966939e-01 -6.666667e-01  3.966939e-01
   endloop
 endfacet
 facet normal -6.494480e-01  0.000000e+00 -7.604060e-01
   outer loop
     vertex  3.781749e-01 -6.666667e-01  4.125106e-01
     vertex  3.781749e-01  0.000000e+00  4.125106e-01
     vertex  3.966939e-01  0.000000e+00  3.966939e-01
   endloop
 endfacet
 facet normal -5.224986e-01  0.000000e+00 -8.526402e-01
   outer loop
     vertex  3.574095e-01 -6.666667e-01  4.252357e-01
     vertex  3.781749e-01  0.000000e+00  4.125106e-01
     vertex  3.781749e-01 -6.666667e-01  4.125106e-01
   endloop
 endfacet
 facet normal -5.224986e-01  0.000000e+00 -8.526402e-01
   outer loop
     vertex  3.574095e-01 -6.666667e-01  4.252357e-01
     vertex  3.574095e-01  0.000000e+00  4.252357e-01
     vertex  3.781749e-01  0.000000e+00  4.125106e-01
   endloop
 endfacet
 facet normal -3.826834e-01  0.000000e+00 -9.238795e-01
   outer loop
     vertex  3.349092e-01 -6.666667e-01  4.345556e-01
     vertex  3.574095e-01  0.000000e+00  4.252357e-01
     vertex  3.574095e-01 -6.666667e-01  4.252357e-01
   endloop
 endfacet
 facet normal -3.826834e-01  0.000000e+00 -9.238795e-01
   outer loop
     vertex  3.349092e-01 -6.666667e-01  4.345556e-01
     vertex  3.349092e-01  0.000000e+00  4.345556e-01
     vertex  3.574095e-01  0.000000e+00  4.252357e-01
   endloop
 endfacet
 facet normal -2.334454e-01  0.000000e+00 -9.723699e-01
   outer loop
     vertex  3.349092e-01 -6.666667e-01  4.345556e-01
     vertex  3.112280e-01  0.000000e+00  4.402409e-01
     vertex  3.349092e-01  0.000000e+00  4.345556e-01
   endloop
 endfacet
 facet normal -2.334454e-01  0.000000e+00 -9.723699e-01
   outer loop
     vertex  3.112280e-01 -6.666667e-01  4.402409e-01
     vertex  3.112280e-01  0.000000e+00  4.402409e-01
     vertex  3.349092e-01 -6.666667e-01  4.345556e-01
   endloop
 endfacet
 facet normal -7.845910e-02  0.000000e+00 -9.969173e-01
   outer loop
     vertex  2.869489e-01 -6.666667e-01  4.421517e-01
     vertex  3.112280e-01  0.000000e+00  4.402409e-01
     vertex  3.112280e-01 -6.666667e-01  4.402409e-01
   endloop
 endfacet
 facet normal -7.845910e-02  0.000000e+00 -9.969173e-01
   outer loop
     vertex  2.869489e-01 -6.666667e-01  4.421517e-01
     vertex  2.869489e-01  0.000000e+00  4.421517e-01
     vertex  3.112280e-01  0.000000e+00  4.402409e-01
   endloop
 endfacet
 facet normal  7.845910e-02  0.000000e+00 -9.969173e-01
   outer loop
     vertex  2.626699e-01 -6.666667e-01  4.402409e-01
     vertex  2.869489e-01  0.000000e+00  4.421517e-01
     vertex  2.869489e-01 -6.666667e-01  4.421517e-01
   endloop
 endfacet
 facet normal  7.845910e-02  0.000000e+00 -9.969173e-01
   outer loop
     vertex  2.626699e-01 -6.666667e-01  4.402409e-01
     vertex  2.626699e-01  0.000000e+00  4.402409e-01
     vertex  2.869489e-01  0.000000e+00  4.421517e-01
   endloop
 endfacet
 facet normal  2.334454e-01  0.000000e+00 -9.723699e-01
   outer loop
     vertex  2.389886e-01 -6.666667e-01  4.345556e-01
     vertex  2.626699e-01  0.000000e+00  4.402409e-01
     vertex  2.626699e-01 -6.666667e-01  4.402409e-01
   endloop
 endfacet
 facet normal  2.334454e-01  0.000000e+00 -9.723699e-01
   outer loop
     vertex  2.389886e-01 -6.666667e-01  4.345556e-01
     vertex  2.389886e-01  0.000000e+00  4.345556e-01
     vertex  2.626699e-01  0.000000e+00  4.402409e-01
   endloop
 endfacet
 facet normal  3.826834e-01  0.000000e+00 -9.238795e-01
   outer loop
     vertex  2.164883e-01 -6.666667e-01  4.252357e-01
     vertex  2.389886e-01  0.000000e+00  4.345556e-01
     vertex  2.389886e-01 -6.666667e-01  4.345556e-01
   endloop
 endfacet
 facet normal  3.826834e-01  0.000000e+00 -9.238795e-01
   outer loop
     vertex  2.164883e-01 -6.666667e-01  4.252357e-01
     vertex  2.164883e-01  0.000000e+00  4.252357e-01
     vertex  2.389886e-01  0.000000e+00  4.345556e-01
   endloop
 endfacet
 facet normal  5.224986e-01  0.000000e+00 -8.526402e-01
   outer loop
     vertex  1.957230e-01 -6.666667e-01  4.125106e-01
     vertex  2.164883e-01  0.000000e+00  4.252357e-01
     vertex  2.164883e-01 -6.666667e-01  4.252357e-01
   endloop
 endfacet
 facet normal  5.224986e-01  0.000000e+00 -8.526402e-01
   outer loop
     vertex  1.957230e-01 -6.666667e-01  4.125106e-01
     vertex  1.957230e-01  0.000000e+00  4.125106e-01
     vertex  2.164883e-01  0.000000e+00  4.252357e-01
   endloop
 endfacet
 facet normal  6.494480e-01  0.000000e+00 -7.604060e-01
   outer loop
     vertex  1.772040e-01 -6.666667e-01  3.966939e-01
     vertex  1.957230e-01  0.000000e+00  4.125106e-01
     vertex  1.957230e-01 -6.666667e-01  4.125106e-01
   endloop
 endfacet
 facet normal  6.494480e-01  0.000000e+00 -7.604060e-01
   outer loop
     vertex  1.772040e-01 -6.666667e-01  3.966939e-01
     vertex  1.772040e-01  0.000000e+00  3.966939e-01
     vertex  1.957230e-01  0.000000e+00  4.125106e-01
   endloop
 endfacet
 facet normal  7.604060e-01  0.000000e+00 -6.494480e-01
   outer loop
     vertex  1.613872e-01 -6.666667e-01  3.781749e-01
     vertex  1.772040e-01  0.000000e+00  3.966939e-01
     vertex  1.772040e-01 -6.666667e-01  3.966939e-01
   endloop
 endfacet
 facet normal  7.604060e-01  0.000000e+00 -6.494480e-01
   outer loop
     vertex  1.613872e-01 -6.666667e-01  3.781749e-01
     vertex  1.613872e-01  0.000000e+00  3.781749e-01
     vertex  1.772040e-01  0.000000e+00  3.966939e-01
   endloop
 endfacet
 facet normal  8.526402e-01  0.000000e+00 -5.224986e-01
   outer loop
     vertex  1.613872e-01 -6.666667e-01  3.781749e-01
     vertex  1.486622e-01  0.000000e+00  3.574095e-01
     vertex  1.613872e-01  0.000000e+00  3.781749e-01
   endloop
 endfacet
 facet normal  8.526402e-01  0.000000e+00 -5.224986e-01
   outer loop
     vertex  1.486622e-01 -6.666667e-01  3.574095e-01
     vertex  1.486622e-01  0.000000e+00  3.574095e-01
     vertex  1.613872e-01 -6.666667e-01  3.781749e-01
   endloop
 endfacet
 facet normal  9.238795e-01  0.000000e+00 -3.826834e-01
   outer loop
     vertex  1.393423e-01 -6.666667e-01  3.349092e-01
     vertex  1.486622e-01  0.000000e+00  3.574095e-01
     vertex  1.486622e-01 -6.666667e-01  3.574095e-01
   endloop
 endfacet
 facet normal  9.238795e-01  0.000000e+00 -3.826834e-01
   outer loop
     vertex  1.393423e-01 -6.666667e-01  3.349092e-01
     vertex  1.393423e-01  0.000000e+00  3.349092e-01
     vertex  1.486622e-01  0.000000e+00  3.574095e-01
   endloop
 endfacet
 facet normal  9.723699e-01  0.000000e+00 -2.334454e-01
   outer loop
     vertex  1.336569e-01 -6.666667e-01  3.112280e-01
     vertex  1.336569e-01  0.000000e+00  3.112280e-01
     vertex  1.393423e-01  0.000000e+00  3.349092e-01
   endloop
 endfacet
 facet normal  9.723699e-01  0.000000e+00 -2.334454e-01
   outer loop
     vertex  1.336569e-01 -6.666667e-01  3.112280e-01
     vertex  1.393423e-01  0.000000e+00  3.349092e-01
     vertex  1.393423e-01 -6.666667e-01  3.349092e-01
   endloop
 endfacet
 facet normal  9.969173e-01  0.000000e+00 -7.845910e-02
   outer loop
     vertex  1.317461e-01 -6.666667e-01  2.869489e-01
     vertex  1.336569e-01  0.000000e+00  3.112280e-01
     vertex  1.336569e-01 -6.666667e-01  3.112280e-01
   endloop
 endfacet
 facet normal  9.969173e-01  0.000000e+00 -7.845910e-02
   outer loop
     vertex  1.317461e-01 -6.666667e-01  2.869489e-01
     vertex  1.317461e-01  0.000000e+00  2.869489e-01
     vertex  1.336569e-01  0.000000e+00  3.112280e-01
   endloop
 endfacet
 facet normal  9.969173e-01 -0.000000e+00  7.845910e-02
   outer loop
     vertex  1.336569e-01 -6.666667e-01  2.626699e-01
     vertex  1.336569e-01  0.000000e+00  2.626699e-01
     vertex  1.317461e-01  0.000000e+00  2.869489e-01
   endloop
 endfacet
 facet normal  9.969173e-01  0.000000e+00  7.845910e-02
   outer loop
     vertex  1.336569e-01 -6.666667e-01  2.626699e-01
     vertex  1.317461e-01  0.000000e+00  2.869489e-01
     vertex  1.317461e-01 -6.666667e-01  2.869489e-01
   endloop
 endfacet
 facet normal  9.723699e-01 -0.000000e+00  2.334454e-01
   outer loop
     vertex  1.393423e-01 -6.666667e-01  2.389886e-01
     vertex  1.393423e-01  0.000000e+00  2.389886e-01
     vertex  1.336569e-01  0.000000e+00  2.626699e-01
   endloop
 endfacet
 facet normal  9.238795e-01 -0.000000e+00  3.826834e-01
   outer loop
     vertex  1.393423e-01 -6.666667e-01  2.389886e-01
     vertex  1.486622e-01  0.000000e+00  2.164883e-01
     vertex  1.393423e-01  0.000000e+00  2.389886e-01
   endloop
 endfacet
 facet normal  9.723699e-01  0.000000e+00  2.334454e-01
   outer loop
     vertex  1.393423e-01 -6.666667e-01  2.389886e-01
     vertex  1.336569e-01  0.000000e+00  2.626699e-01
     vertex  1.336569e-01 -6.666667e-01  2.626699e-01
   endloop
 endfacet
 facet normal  9.238795e-01 -0.000000e+00  3.826834e-01
   outer loop
     vertex  1.486622e-01 -6.666667e-01  2.164883e-01
     vertex  1.486622e-01  0.000000e+00  2.164883e-01
     vertex  1.393423e-01 -6.666667e-01  2.389886e-01
   endloop
 endfacet
 facet normal  8.526402e-01 -0.000000e+00  5.224986e-01
   outer loop
     vertex  1.613872e-01 -6.666667e-01  1.957230e-01
     vertex  1.613872e-01  0.000000e+00  1.957230e-01
     vertex  1.486622e-01  0.000000e+00  2.164883e-01
   endloop
 endfacet
 facet normal  8.526402e-01  0.000000e+00  5.224986e-01
   outer loop
     vertex  1.613872e-01 -6.666667e-01  1.957230e-01
     vertex  1.486622e-01  0.000000e+00  2.164883e-01
     vertex  1.486622e-01 -6.666667e-01  2.164883e-01
   endloop
 endfacet
 facet normal  7.604060e-01 -0.000000e+00  6.494480e-01
   outer loop
     vertex  1.772040e-01 -6.666667e-01  1.772040e-01
     vertex  1.772040e-01  0.000000e+00  1.772040e-01
     vertex  1.613872e-01  0.000000e+00  1.957230e-01
   endloop
 endfacet
 facet normal  7.604060e-01  0.000000e+00  6.494480e-01
   outer loop
     vertex  1.772040e-01 -6.666667e-01  1.772040e-01
     vertex  1.613872e-01  0.000000e+00  1.957230e-01
     vertex  1.613872e-01 -6.666667e-01  1.957230e-01
   endloop
 endfacet
 facet normal  6.494480e-01 -0.000000e+00  7.604060e-01
   outer loop
     vertex  1.957230e-01 -6.666667e-01  1.613872e-01
     vertex  1.957230e-01  0.000000e+00  1.613872e-01
     vertex  1.772040e-01  0.000000e+00  1.772040e-01
   endloop
 endfacet
 facet normal  6.494480e-01  0.000000e+00  7.604060e-01
   outer loop
     vertex  1.957230e-01 -6.666667e-01  1.613872e-01
     vertex  1.772040e-01  0.000000e+00  1.772040e-01
     vertex  1.772040e-01 -6.666667e-01  1.772040e-01
   endloop
 endfacet
 facet normal  5.224986e-01 -0.000000e+00  8.526402e-01
   outer loop
     vertex  2.164883e-01 -6.666667e-01  1.486622e-01
     vertex  2.164883e-01  0.000000e+00  1.486622e-01
     vertex  1.957230e-01  0.000000e+00  1.613872e-01
   endloop
 endfacet
 facet normal  5.224986e-01  0.000000e+00  8.526402e-01
   outer loop
     vertex  2.164883e-01 -6.666667e-01  1.486622e-01
     vertex  1.957230e-01  0.000000e+00  1.613872e-01
     vertex  1.957230e-01 -6.666667e-01  1.613872e-01
   endloop
 endfacet
 facet normal  3.826834e-01 -0.000000e+00  9.238795e-01
   outer loop
     vertex  2.389886e-01 -6.666667e-01  1.393423e-01
     vertex  2.389886e-01  0.000000e+00  1.393423e-01
     vertex  2.164883e-01  0.000000e+00  1.486622e-01
   endloop
 endfacet
 facet normal  3.826834e-01  0.000000e+00  9.238795e-01
   outer loop
     vertex  2.389886e-01 -6.666667e-01  1.393423e-01
     vertex  2.164883e-01  0.000000e+00  1.486622e-01
     vertex  2.164883e-01 -6.666667e-01  1.486622e-01
   endloop
 endfacet
