solid 
 facet normal  0.000000e+00 -1.000000e+00  0.000000e+00
   outer loop
     vertex  4.114639e-01 -5.507936e-01 -1.587302e-02
     vertex -5.507936e-01 -5.507936e-01  9.841270e-01
     vertex -5.507936e-01 -5.507936e-01 -1.587302e-02
   endloop
 endfacet
 facet normal  0.000000e+00 -1.000000e+00  0.000000e+00
   outer loop
     vertex  4.114639e-01 -5.507936e-01 -1.587302e-02
     vertex  4.114639e-01 -5.507936e-01  9.841270e-01
     vertex -5.507936e-01 -5.507936e-01  9.841270e-01
   endloop
 endfacet
 facet normal -1.000000e+00  0.000000e+00  0.000000e+00
   outer loop
     vertex -5.507936e-01 -5.507936e-01 -1.587302e-02
     vertex -5.507936e-01  4.114639e-01  9.841270e-01
     vertex -5.507936e-01  4.114639e-01 -1.587302e-02
   endloop
 endfacet
 facet normal -1.000000e+00  0.000000e+00  0.000000e+00
   outer loop
     vertex -5.507936e-01 -5.507936e-01 -1.587302e-02
     vertex -5.507936e-01 -5.507936e-01  9.841270e-01
     vertex -5.507936e-01  4.114639e-01  9.841270e-01
   endloop
 endfacet
 facet normal  1.000000e+00  0.000000e+00  0.000000e+00
   outer loop
     vertex  4.114639e-01  4.114639e-01 -1.587302e-02
     vertex  4.114639e-01 -5.507936e-01  9.841270e-01
     vertex  4.114639e-01 -5.507936e-01 -1.587302e-02
   endloop
 endfacet
 facet normal  1.000000e+00  0.000000e+00 -0.000000e+00
   outer loop
     vertex  4.114639e-01  4.114639e-01 -1.587302e-02
     vertex  4.114639e-01  4.114639e-01  9.841270e-01
     vertex  4.114639e-01 -5.507936e-01  9.841270e-01
   endloop
 endfacet
 facet normal -0.000000e+00 -1.000000e+00  0.000000e+00
   outer loop
     vertex  4.114639e-01 -5.507936e-01 -1.587302e-02
     vertex -5.507936e-01 -5.507936e-01 -1.587302e-02
     vertex -5.507936e-01 -5.507936e-01 -3.174603e-02
   endloop
 endfacet
 facet normal  0.000000e+00 -1.000000e+00 -0.000000e+00
   outer loop
     vertex  4.114639e-01 -5.507936e-01 -1.587302e-02
     vertex -5.507936e-01 -5.507936e-01 -3.174603e-02
     vertex  4.114639e-01 -5.507936e-01 -3.174603e-02
   endloop
 endfacet
 facet normal  0.000000e+00  0.000000e+00  1.000000e+00
   outer loop
     vertex -2.057434e-01 -2.487172e-01  9.841270e-01
     vertex -2.286386e-01 -2.286386e-01  9.841270e-01
     vertex -5.507936e-01 -5.507936e-01  9.841270e-01
   endloop
 endfacet
 facet normal  0.000000e+00  0.000000e+00  1.000000e+00
   outer loop
     vertex -2.487172e-01 -2.057434e-01  9.841270e-01
     vertex -5.507936e-01 -5.507936e-01  9.841270e-01
     vertex -2.286386e-01 -2.286386e-01  9.841270e-01
   endloop
 endfacet
 facet normal  0.000000e+00  0.000000e+00  1.000000e+00
   outer loop
     vertex -1.804232e-01 -2.656355e-01  9.841270e-01
     vertex -2.057434e-01 -2.487172e-01  9.841270e-01
     vertex -5.507936e-01 -5.507936e-01  9.841270e-01
   endloop
 endfacet
 facet normal  0.000000e+00  0.000000e+00  1.000000e+00
   outer loop
     vertex -2.656355e-01 -1.804232e-01  9.841270e-01
     vertex -5.507936e-01 -5.507936e-01  9.841270e-01
     vertex -2.487172e-01 -2.057434e-01  9.841270e-01
   endloop
 endfacet
 facet normal  0.000000e+00  0.000000e+00  1.000000e+00
   outer loop
     vertex -1.531115e-01 -2.791042e-01  9.841270e-01
     vertex -1.804232e-01 -2.656355e-01  9.841270e-01
     vertex -5.507936e-01 -5.507936e-01  9.841270e-01
   endloop
 endfacet
 facet normal  0.000000e+00  0.000000e+00  1.000000e+00
   outer loop
     vertex -2.791042e-01 -1.531115e-01  9.841270e-01
     vertex -5.507936e-01 -5.507936e-01  9.841270e-01
     vertex -2.656355e-01 -1.804232e-01  9.841270e-01
   endloop
 endfacet
 facet normal  0.000000e+00  0.000000e+00  1.000000e+00
   outer loop
     vertex -1.242753e-01 -2.888928e-01  9.841270e-01
     vertex -1.531115e-01 -2.791042e-01  9.841270e-01
     vertex -5.507936e-01 -5.507936e-01  9.841270e-01
   endloop
 endfacet
 facet normal  0.000000e+00  0.000000e+00  1.000000e+00
   outer loop
     vertex -2.888928e-01 -1.242753e-01  9.841270e-01
     vertex -5.507936e-01 -5.507936e-01  9.841270e-01
     vertex -2.791042e-01 -1.531115e-01  9.841270e-01
   endloop
 endfacet
 facet normal  0.000000e+00  0.000000e+00  1.000000e+00
   outer loop
     vertex -9.440818e-02 -2.948337e-01  9.841270e-01
     vertex -1.242753e-01 -2.888928e-01  9.841270e-01
     vertex -5.507936e-01 -5.507936e-01  9.841270e-01
   endloop
 endfacet
 facet normal  0.000000e+00  0.000000e+00  1.000000e+00
   outer loop
     vertex -2.948337e-01 -9.440818e-02  9.841270e-01
     vertex -5.507936e-01 -5.507936e-01  9.841270e-01
     vertex -2.888928e-01 -1.242753e-01  9.841270e-01
   endloop
 endfacet
 facet normal  0.000000e+00  0.000000e+00  1.000000e+00
   outer loop
     vertex -6.402113e-02 -2.968254e-01  9.841270e-01
     vertex -9.440818e-02 -2.948337e-01  9.841270e-01
     vertex -5.507936e-01 -5.507936e-01  9.841270e-01
   endloop
 endfacet
 facet normal  0.000000e+00  0.000000e+00  1.000000e+00
   outer loop
     vertex -2.968254e-01 -6.402113e-02  9.841270e-01
     vertex -5.507936e-01 -5.507936e-01  9.841270e-01
     vertex -2.948337e-01 -9.440818e-02  9.841270e-01
   endloop
 endfacet
 facet normal  0.000000e+00  0.000000e+00  1.000000e+00
   outer loop
     vertex -5.507936e-01  4.114639e-01  9.841270e-01
     vertex -2.656355e-01  5.238099e-02  9.841270e-01
     vertex -2.487172e-01  7.770111e-02  9.841270e-01
   endloop
 endfacet
 facet normal  0.000000e+00  0.000000e+00  1.000000e+00
   outer loop
     vertex -5.507936e-01  4.114639e-01  9.841270e-01
     vertex -2.791042e-01  2.506919e-02  9.841270e-01
     vertex -2.656355e-01  5.238099e-02  9.841270e-01
   endloop
 endfacet
 facet normal  0.000000e+00  0.000000e+00  1.000000e+00
   outer loop
     vertex -5.507936e-01  4.114639e-01  9.841270e-01
     vertex -2.888928e-01 -3.766960e-03  9.841270e-01
     vertex -2.791042e-01  2.506919e-02  9.841270e-01
   endloop
 endfacet
 facet normal  0.000000e+00  0.000000e+00  1.000000e+00
   outer loop
     vertex -5.507936e-01  4.114639e-01  9.841270e-01
     vertex -2.948337e-01 -3.363408e-02  9.841270e-01
     vertex -2.888928e-01 -3.766960e-03  9.841270e-01
   endloop
 endfacet
 facet normal  0.000000e+00  0.000000e+00  1.000000e+00
   outer loop
     vertex -5.507936e-01  4.114639e-01  9.841270e-01
     vertex -2.968254e-01 -6.402113e-02  9.841270e-01
     vertex -2.948337e-01 -3.363408e-02  9.841270e-01
   endloop
 endfacet
 facet normal  0.000000e+00  0.000000e+00  1.000000e+00
   outer loop
     vertex -5.507936e-01  4.114639e-01  9.841270e-01
     vertex -5.507936e-01 -5.507936e-01  9.841270e-01
     vertex -2.968254e-01 -6.402113e-02  9.841270e-01
   endloop
 endfacet
 facet normal  0.000000e+00  0.000000e+00  1.000000e+00
   outer loop
     vertex  4.114639e-01 -5.507936e-01  9.841270e-01
     vertex -3.363408e-02 -2.948337e-01  9.841270e-01
     vertex -6.402113e-02 -2.968254e-01  9.841270e-01
   endloop
 endfacet
 facet normal  0.000000e+00  0.000000e+00  1.000000e+00
   outer loop
     vertex  4.114639e-01 -5.507936e-01  9.841270e-01
     vertex -3.766960e-03 -2.888928e-01  9.841270e-01
     vertex -3.363408e-02 -2.948337e-01  9.841270e-01
   endloop
 endfacet
 facet normal  0.000000e+00  0.000000e+00  1.000000e+00
   outer loop
     vertex  4.114639e-01 -5.507936e-01  9.841270e-01
     vertex  2.506919e-02 -2.791042e-01  9.841270e-01
     vertex -3.766960e-03 -2.888928e-01  9.841270e-01
   endloop
 endfacet
 facet normal  0.000000e+00  0.000000e+00  1.000000e+00
   outer loop
     vertex  4.114639e-01 -5.507936e-01  9.841270e-01
     vertex  5.238099e-02 -2.656355e-01  9.841270e-01
     vertex  2.506919e-02 -2.791042e-01  9.841270e-01
   endloop
 endfacet
 facet normal  0.000000e+00  0.000000e+00  1.000000e+00
   outer loop
     vertex  4.114639e-01 -5.507936e-01  9.841270e-01
     vertex  7.770111e-02 -2.487172e-01  9.841270e-01
     vertex  5.238099e-02 -2.656355e-01  9.841270e-01
   endloop
 endfacet
 facet normal  0.000000e+00  0.000000e+00  1.000000e+00
   outer loop
     vertex  4.114639e-01 -5.507936e-01  9.841270e-01
     vertex -6.402113e-02 -2.968254e-01  9.841270e-01
     vertex -5.507936e-01 -5.507936e-01  9.841270e-01
   endloop
 endfacet
 facet normal  0.000000e+00  0.000000e+00  1.000000e+00
   outer loop
     vertex  1.005963e-01 -2.286386e-01  9.841270e-01
     vertex  7.770111e-02 -2.487172e-01  9.841270e-01
     vertex  4.114639e-01 -5.507936e-01  9.841270e-01
   endloop
 endfacet
 facet normal  0.000000e+00  0.000000e+00  1.000000e+00
   outer loop
     vertex -2.286386e-01  1.005963e-01  9.841270e-01
     vertex -5.507936e-01  4.114639e-01  9.841270e-01
     vertex -2.487172e-01  7.770111e-02  9.841270e-01
   endloop
 endfacet
 facet normal  0.000000e+00  0.000000e+00  1.000000e+00
   outer loop
     vertex  1.206749e-01 -2.057434e-01  9.841270e-01
     vertex  1.005963e-01 -2.286386e-01  9.841270e-01
     vertex  4.114639e-01 -5.507936e-01  9.841270e-01
   endloop
 endfacet
 facet normal  0.000000e+00  0.000000e+00  1.000000e+00
   outer loop
     vertex -2.057434e-01  1.206749e-01  9.841270e-01
     vertex -5.507936e-01  4.114639e-01  9.841270e-01
     vertex -2.286386e-01  1.005963e-01  9.841270e-01
   endloop
 endfacet
 facet normal  0.000000e+00  0.000000e+00  1.000000e+00
   outer loop
     vertex  1.375933e-01 -1.804232e-01  9.841270e-01
     vertex  1.206749e-01 -2.057434e-01  9.841270e-01
     vertex  4.114639e-01 -5.507936e-01  9.841270e-01
   endloop
 endfacet
 facet normal  0.000000e+00  0.000000e+00  1.000000e+00
   outer loop
     vertex -1.804232e-01  1.375933e-01  9.841270e-01
     vertex -5.507936e-01  4.114639e-01  9.841270e-01
     vertex -2.057434e-01  1.206749e-01  9.841270e-01
   endloop
 endfacet
 facet normal  0.000000e+00  0.000000e+00  1.000000e+00
   outer loop
     vertex  1.510619e-01 -1.531115e-01  9.841270e-01
     vertex  1.375933e-01 -1.804232e-01  9.841270e-01
     vertex  4.114639e-01 -5.507936e-01  9.841270e-01
   endloop
 endfacet
 facet normal  0.000000e+00  0.000000e+00  1.000000e+00
   outer loop
     vertex -1.531115e-01  1.510619e-01  9.841270e-01
     vertex -5.507936e-01  4.114639e-01  9.841270e-01
     vertex -1.804232e-01  1.375933e-01  9.841270e-01
   endloop
 endfacet
 facet normal  0.000000e+00  0.000000e+00  1.000000e+00
   outer loop
     vertex  1.608505e-01 -1.242753e-01  9.841270e-01
     vertex  1.510619e-01 -1.531115e-01  9.841270e-01
     vertex  4.114639e-01 -5.507936e-01  9.841270e-01
   endloop
 endfacet
 facet normal  0.000000e+00  0.000000e+00  1.000000e+00
   outer loop
     vertex -1.242753e-01  1.608505e-01  9.841270e-01
     vertex -5.507936e-01  4.114639e-01  9.841270e-01
     vertex -1.531115e-01  1.510619e-01  9.841270e-01
   endloop
 endfacet
 facet normal  0.000000e+00  0.000000e+00  1.000000e+00
   outer loop
     vertex  1.667914e-01 -9.440818e-02  9.841270e-01
     vertex  1.608505e-01 -1.242753e-01  9.841270e-01
     vertex  4.114639e-01 -5.507936e-01  9.841270e-01
   endloop
 endfacet
 facet normal  0.000000e+00  0.000000e+00  1.000000e+00
   outer loop
     vertex -9.440818e-02  1.667914e-01  9.841270e-01
     vertex -5.507936e-01  4.114639e-01  9.841270e-01
     vertex -1.242753e-01  1.608505e-01  9.841270e-01
   endloop
 endfacet
 facet normal  0.000000e+00  0.000000e+00  1.000000e+00
   outer loop
     vertex -6.402113e-02  1.687831e-01  9.841270e-01
     vertex -5.507936e-01  4.114639e-01  9.841270e-01
     vertex -9.440818e-02  1.667914e-01  9.841270e-01
   endloop
 endfacet
 facet normal  0.000000e+00  0.000000e+00  1.000000e+00
   outer loop
     vertex  1.687831e-01 -6.402113e-02  9.841270e-01
     vertex  1.667914e-01 -9.440818e-02  9.841270e-01
     vertex  4.114639e-01 -5.507936e-01  9.841270e-01
   endloop
 endfacet
 facet normal  0.000000e+00  0.000000e+00  1.000000e+00
   outer loop
     vertex  4.114639e-01  4.114639e-01  9.841270e-01
     vertex  1.667914e-01 -3.363408e-02  9.841270e-01
     vertex  1.687831e-01 -6.402113e-02  9.841270e-01
   endloop
 endfacet
 facet normal  0.000000e+00  0.000000e+00  1.000000e+00
   outer loop
     vertex  4.114639e-01  4.114639e-01  9.841270e-01
     vertex  1.608505e-01 -3.766960e-03  9.841270e-01
     vertex  1.667914e-01 -3.363408e-02  9.841270e-01
   endloop
 endfacet
 facet normal  0.000000e+00  0.000000e+00  1.000000e+00
   outer loop
     vertex  4.114639e-01  4.114639e-01  9.841270e-01
     vertex  1.510619e-01  2.506919e-02  9.841270e-01
     vertex  1.608505e-01 -3.766960e-03  9.841270e-01
   endloop
 endfacet
 facet normal  0.000000e+00  0.000000e+00  1.000000e+00
   outer loop
     vertex  4.114639e-01  4.114639e-01  9.841270e-01
     vertex  1.375933e-01  5.238099e-02  9.841270e-01
     vertex  1.510619e-01  2.506919e-02  9.841270e-01
   endloop
 endfacet
 facet normal  0.000000e+00  0.000000e+00  1.000000e+00
   outer loop
     vertex  4.114639e-01  4.114639e-01  9.841270e-01
     vertex  1.206749e-01  7.770111e-02  9.841270e-01
     vertex  1.375933e-01  5.238099e-02  9.841270e-01
   endloop
 endfacet
 facet normal  0.000000e+00  0.000000e+00  1.000000e+00
   outer loop
     vertex  4.114639e-01  4.114639e-01  9.841270e-01
     vertex  1.005963e-01  1.005963e-01  9.841270e-01
     vertex  1.206749e-01  7.770111e-02  9.841270e-01
   endloop
 endfacet
 facet normal  0.000000e+00  0.000000e+00  1.000000e+00
   outer loop
     vertex  4.114639e-01  4.114639e-01  9.841270e-01
     vertex  7.770111e-02  1.206749e-01  9.841270e-01
     vertex  1.005963e-01  1.005963e-01  9.841270e-01
   endloop
 endfacet
 facet normal  0.000000e+00  0.000000e+00  1.000000e+00
   outer loop
     vertex  4.114639e-01  4.114639e-01  9.841270e-01
     vertex  5.238099e-02  1.375933e-01  9.841270e-01
     vertex  7.770111e-02  1.206749e-01  9.841270e-01
   endloop
 endfacet
 facet normal  0.000000e+00  0.000000e+00  1.000000e+00
   outer loop
     vertex  4.114639e-01  4.114639e-01  9.841270e-01
     vertex  2.506919e-02  1.510619e-01  9.841270e-01
     vertex  5.238099e-02  1.375933e-01  9.841270e-01
   endloop
 endfacet
 facet normal  0.000000e+00  0.000000e+00  1.000000e+00
   outer loop
     vertex  4.114639e-01  4.114639e-01  9.841270e-01
     vertex -3.766960e-03  1.608505e-01  9.841270e-01
     vertex  2.506919e-02  1.510619e-01  9.841270e-01
   endloop
 endfacet
 facet normal  0.000000e+00  0.000000e+00  1.000000e+00
   outer loop
     vertex  4.114639e-01  4.114639e-01  9.841270e-01
     vertex -3.363408e-02  1.667914e-01  9.841270e-01
     vertex -3.766960e-03  1.608505e-01  9.841270e-01
   endloop
 endfacet
 facet normal  0.000000e+00  0.000000e+00  1.000000e+00
   outer loop
     vertex  4.114639e-01  4.114639e-01  9.841270e-01
     vertex -6.402113e-02  1.687831e-01  9.841270e-01
     vertex -3.363408e-02  1.667914e-01  9.841270e-01
   endloop
 endfacet
 facet normal  0.000000e+00  0.000000e+00  1.000000e+00
   outer loop
     vertex  4.114639e-01  4.114639e-01  9.841270e-01
     vertex  1.687831e-01 -6.402113e-02  9.841270e-01
     vertex  4.114639e-01 -5.507936e-01  9.841270e-01
   endloop
 endfacet
 facet normal  0.000000e+00  0.000000e+00  1.000000e+00
   outer loop
     vertex  4.114639e-01  4.114639e-01  9.841270e-01
     vertex -5.507936e-01  4.114639e-01  9.841270e-01
     vertex -6.402113e-02  1.687831e-01  9.841270e-01
   endloop
 endfacet
 facet normal  0.000000e+00  1.000000e+00  0.000000e+00
   outer loop
     vertex -5.507936e-01  4.114639e-01 -1.587302e-02
     vertex  4.114639e-01  4.114639e-01  9.841270e-01
     vertex  4.114639e-01  4.114639e-01 -1.587302e-02
   endloop
 endfacet
 facet normal  0.000000e+00  1.000000e+00  0.000000e+00
   outer loop
     vertex -5.507936e-01  4.114639e-01 -1.587302e-02
     vertex -5.507936e-01  4.114639e-01  9.841270e-01
     vertex  4.114639e-01  4.114639e-01  9.841270e-01
   endloop
 endfacet
 facet normal -1.000000e+00  0.000000e+00  0.000000e+00
   outer loop
     vertex -5.507936e-01 -5.507936e-01 -1.587302e-02
     vertex -5.507936e-01  4.114639e-01 -1.587302e-02
     vertex -5.507936e-01  4.114639e-01 -3.174603e-02
   endloop
 endfacet
 facet normal -1.000000e+00  0.000000e+00  0.000000e+00
   outer loop
     vertex -5.507936e-01 -5.507936e-01 -1.587302e-02
     vertex -5.507936e-01  4.114639e-01 -3.174603e-02
     vertex -5.507936e-01 -5.507936e-01 -3.174603e-02
   endloop
 endfacet
 facet normal  1.000000e+00  0.000000e+00  0.000000e+00
   outer loop
     vertex  4.114639e-01  4.114639e-01 -1.587302e-02
     vertex  4.114639e-01 -5.507936e-01 -1.587302e-02
     vertex  4.114639e-01 -5.507936e-01 -3.174603e-02
   endloop
 endfacet
 facet normal  1.000000e+00  0.000000e+00  0.000000e+00
   outer loop
     vertex  4.114639e-01  4.114639e-01 -1.587302e-02
     vertex  4.114639e-01 -5.507936e-01 -3.174603e-02
     vertex  4.114639e-01  4.114639e-01 -3.174603e-02
   endloop
 endfacet
 facet normal  0.000000e+00 -0.000000e+00 -1.000000e+00
   outer loop
     vertex  4.114639e-01  4.114639e-01 -3.174603e-02
     vertex  4.114639e-01 -5.507936e-01 -3.174603e-02
     vertex -5.507936e-01 -5.507936e-01 -3.174603e-02
   endloop
 endfacet
 facet normal -0.000000e+00  0.000000e+00 -1.000000e+00
   outer loop
     vertex  4.114639e-01  4.114639e-01 -3.174603e-02
     vertex -5.507936e-01 -5.507936e-01 -3.174603e-02
     vertex -5.507936e-01  4.114639e-01 -3.174603e-02
   endloop
 endfacet
 facet normal -9.978589e-01 -6.540313e-02  0.000000e+00
   outer loop
     vertex  1.667914e-01 -3.363408e-02  9.841270e-01
     vertex  1.687831e-01 -6.402113e-02  4.444444e-01
     vertex  1.687831e-01 -6.402113e-02  9.841270e-01
   endloop
 endfacet
 facet normal -9.978589e-01 -6.540313e-02 -0.000000e+00
   outer loop
     vertex  1.667914e-01 -3.363408e-02  9.841270e-01
     vertex  1.667914e-01 -3.363408e-02  4.444444e-01
     vertex  1.687831e-01 -6.402113e-02  4.444444e-01
   endloop
 endfacet
 facet normal -9.807853e-01 -1.950903e-01  0.000000e+00
   outer loop
     vertex  1.608505e-01 -3.766960e-03  9.841270e-01
     vertex  1.667914e-01 -3.363408e-02  4.444444e-01
     vertex  1.667914e-01 -3.363408e-02  9.841270e-01
   endloop
 endfacet
 facet normal -9.807853e-01 -1.950903e-01 -0.000000e+00
   outer loop
     vertex  1.608505e-01 -3.766960e-03  9.841270e-01
     vertex  1.608505e-01 -3.766960e-03  4.444444e-01
     vertex  1.667914e-01 -3.363408e-02  4.444444e-01
   endloop
 endfacet
 facet normal -9.469301e-01 -3.214395e-01  0.000000e+00
   outer loop
     vertex  1.510619e-01  2.506919e-02  9.841270e-01
     vertex  1.608505e-01 -3.766960e-03  4.444444e-01
     vertex  1.608505e-01 -3.766960e-03  9.841270e-01
   endloop
 endfacet
 facet normal -9.469301e-01 -3.214395e-01 -0.000000e+00
   outer loop
     vertex  1.510619e-01  2.506919e-02  9.841270e-01
     vertex  1.510619e-01  2.506919e-02  4.444444e-01
     vertex  1.608505e-01 -3.766960e-03  4.444444e-01
   endloop
 endfacet
 facet normal -8.968727e-01 -4.422887e-01  0.000000e+00
   outer loop
     vertex  1.375933e-01  5.238099e-02  9.841270e-01
     vertex  1.510619e-01  2.506919e-02  4.444444e-01
     vertex  1.510619e-01  2.506919e-02  9.841270e-01
   endloop
 endfacet
 facet normal -8.968727e-01 -4.422887e-01 -0.000000e+00
   outer loop
     vertex  1.375933e-01  5.238099e-02  9.841270e-01
     vertex  1.375933e-01  5.238099e-02  4.444444e-01
     vertex  1.510619e-01  2.506919e-02  4.444444e-01
   endloop
 endfacet
 facet normal -8.314696e-01 -5.555702e-01  0.000000e+00
   outer loop
     vertex  1.206749e-01  7.770111e-02  9.841270e-01
     vertex  1.375933e-01  5.238099e-02  4.444444e-01
     vertex  1.375933e-01  5.238099e-02  9.841270e-01
   endloop
 endfacet
 facet normal -8.314696e-01 -5.555702e-01 -0.000000e+00
   outer loop
     vertex  1.206749e-01  7.770111e-02  9.841270e-01
     vertex  1.206749e-01  7.770111e-02  4.444444e-01
     vertex  1.375933e-01  5.238099e-02  4.444444e-01
   endloop
 endfacet
 facet normal -7.518398e-01 -6.593458e-01  0.000000e+00
   outer loop
     vertex  1.005963e-01  1.005963e-01  9.841270e-01
     vertex  1.206749e-01  7.770111e-02  4.444444e-01
     vertex  1.206749e-01  7.770111e-02  9.841270e-01
   endloop
 endfacet
 facet normal -7.518398e-01 -6.593458e-01 -0.000000e+00
   outer loop
     vertex  1.005963e-01  1.005963e-01  9.841270e-01
     vertex  1.005963e-01  1.005963e-01  4.444444e-01
     vertex  1.206749e-01  7.770111e-02  4.444444e-01
   endloop
 endfacet
 facet normal -6.593458e-01 -7.518398e-01 -0.000000e+00
   outer loop
     vertex  1.005963e-01  1.005963e-01  9.841270e-01
     vertex  7.770111e-02  1.206749e-01  4.444444e-01
     vertex  1.005963e-01  1.005963e-01  4.444444e-01
   endloop
 endfacet
 facet normal -6.593458e-01 -7.518398e-01 -0.000000e+00
   outer loop
     vertex  7.770111e-02  1.206749e-01  9.841270e-01
     vertex  7.770111e-02  1.206749e-01  4.444444e-01
     vertex  1.005963e-01  1.005963e-01  9.841270e-01
   endloop
 endfacet
 facet normal -5.555702e-01 -8.314696e-01 -0.000000e+00
   outer loop
     vertex  7.770111e-02  1.206749e-01  9.841270e-01
     vertex  5.238099e-02  1.375933e-01  4.444444e-01
     vertex  7.770111e-02  1.206749e-01  4.444444e-01
   endloop
 endfacet
 facet normal -5.555702e-01 -8.314696e-01 -0.000000e+00
   outer loop
     vertex  5.238099e-02  1.375933e-01  9.841270e-01
     vertex  5.238099e-02  1.375933e-01  4.444444e-01
     vertex  7.770111e-02  1.206749e-01  9.841270e-01
   endloop
 endfacet
 facet normal -4.422887e-01 -8.968727e-01  0.000000e+00
   outer loop
     vertex  2.506919e-02  1.510619e-01  9.841270e-01
     vertex  5.238099e-02  1.375933e-01  4.444444e-01
     vertex  5.238099e-02  1.375933e-01  9.841270e-01
   endloop
 endfacet
 facet normal -4.422887e-01 -8.968727e-01 -0.000000e+00
   outer loop
     vertex  2.506919e-02  1.510619e-01  9.841270e-01
     vertex  2.506919e-02  1.510619e-01  4.444444e-01
     vertex  5.238099e-02  1.375933e-01  4.444444e-01
   endloop
 endfacet
 facet normal -3.214395e-01 -9.469301e-01  0.000000e+00
   outer loop
     vertex -3.766960e-03  1.608505e-01  9.841270e-01
     vertex  2.506919e-02  1.510619e-01  4.444444e-01
     vertex  2.506919e-02  1.510619e-01  9.841270e-01
   endloop
 endfacet
 facet normal -3.214395e-01 -9.469301e-01 -0.000000e+00
   outer loop
     vertex -3.766960e-03  1.608505e-01  9.841270e-01
     vertex -3.766960e-03  1.608505e-01  4.444444e-01
     vertex  2.506919e-02  1.510619e-01  4.444444e-01
   endloop
 endfacet
 facet normal -1.950903e-01 -9.807853e-01  0.000000e+00
   outer loop
     vertex -3.363408e-02  1.667914e-01  9.841270e-01
     vertex -3.766960e-03  1.608505e-01  4.444444e-01
     vertex -3.766960e-03  1.608505e-01  9.841270e-01
   endloop
 endfacet
 facet normal -1.950903e-01 -9.807853e-01 -0.000000e+00
   outer loop
     vertex -3.363408e-02  1.667914e-01  9.841270e-01
     vertex -3.363408e-02  1.667914e-01  4.444444e-01
     vertex -3.766960e-03  1.608505e-01  4.444444e-01
   endloop
 endfacet
 facet normal -6.540313e-02 -9.978589e-01 -0.000000e+00
   outer loop
     vertex -3.363408e-02  1.667914e-01  9.841270e-01
     vertex -6.402113e-02  1.687831e-01  4.444444e-01
     vertex -3.363408e-02  1.667914e-01  4.444444e-01
   endloop
 endfacet
 facet normal -6.540313e-02 -9.978589e-01 -0.000000e+00
   outer loop
     vertex -6.402113e-02  1.687831e-01  9.841270e-01
     vertex -6.402113e-02  1.687831e-01  4.444444e-01
     vertex -3.363408e-02  1.667914e-01  9.841270e-01
   endloop
 endfacet
 facet normal  6.540313e-02 -9.978589e-01  0.000000e+00
   outer loop
     vertex -9.440818e-02  1.667914e-01  9.841270e-01
     vertex -6.402113e-02  1.687831e-01  4.444444e-01
     vertex -6.402113e-02  1.687831e-01  9.841270e-01
   endloop
 endfacet
 facet normal  6.540313e-02 -9.978589e-01  0.000000e+00
   outer loop
     vertex -9.440818e-02  1.667914e-01  9.841270e-01
     vertex -9.440818e-02  1.667914e-01  4.444444e-01
     vertex -6.402113e-02  1.687831e-01  4.444444e-01
   endloop
 endfacet
 facet normal  1.950903e-01 -9.807853e-01  0.000000e+00
   outer loop
     vertex -1.242753e-01  1.608505e-01  9.841270e-01
     vertex -9.440818e-02  1.667914e-01  4.444444e-01
     vertex -9.440818e-02  1.667914e-01  9.841270e-01
   endloop
 endfacet
 facet normal  1.950903e-01 -9.807853e-01  0.000000e+00
   outer loop
     vertex -1.242753e-01  1.608505e-01  9.841270e-01
     vertex -1.242753e-01  1.608505e-01  4.444444e-01
     vertex -9.440818e-02  1.667914e-01  4.444444e-01
   endloop
 endfacet
 facet normal  3.214395e-01 -9.469301e-01  0.000000e+00
   outer loop
     vertex -1.531115e-01  1.510619e-01  9.841270e-01
     vertex -1.242753e-01  1.608505e-01  4.444444e-01
     vertex -1.242753e-01  1.608505e-01  9.841270e-01
   endloop
 endfacet
 facet normal  3.214395e-01 -9.469301e-01  0.000000e+00
   outer loop
     vertex -1.531115e-01  1.510619e-01  9.841270e-01
     vertex -1.531115e-01  1.510619e-01  4.444444e-01
     vertex -1.242753e-01  1.608505e-01  4.444444e-01
   endloop
 endfacet
 facet normal  4.422887e-01 -8.968727e-01  0.000000e+00
   outer loop
     vertex -1.804232e-01  1.375933e-01  9.841270e-01
     vertex -1.804232e-01  1.375933e-01  4.444444e-01
     vertex -1.531115e-01  1.510619e-01  4.444444e-01
   endloop
 endfacet
 facet normal  4.422887e-01 -8.968727e-01  0.000000e+00
   outer loop
     vertex -1.804232e-01  1.375933e-01  9.841270e-01
     vertex -1.531115e-01  1.510619e-01  4.444444e-01
     vertex -1.531115e-01  1.510619e-01  9.841270e-01
   endloop
 endfacet
 facet normal  5.555702e-01 -8.314696e-01  0.000000e+00
   outer loop
     vertex -2.057434e-01  1.206749e-01  9.841270e-01
     vertex -2.057434e-01  1.206749e-01  4.444444e-01
     vertex -1.804232e-01  1.375933e-01  4.444444e-01
   endloop
 endfacet
 facet normal  6.593458e-01 -7.518398e-01  0.000000e+00
   outer loop
     vertex -2.057434e-01  1.206749e-01  9.841270e-01
     vertex -2.286386e-01  1.005963e-01  4.444444e-01
     vertex -2.057434e-01  1.206749e-01  4.444444e-01
   endloop
 endfacet
 facet normal  5.555702e-01 -8.314696e-01  0.000000e+00
   outer loop
     vertex -2.057434e-01  1.206749e-01  9.841270e-01
     vertex -1.804232e-01  1.375933e-01  4.444444e-01
     vertex -1.804232e-01  1.375933e-01  9.841270e-01
   endloop
 endfacet
 facet normal  6.593458e-01 -7.518398e-01  0.000000e+00
   outer loop
     vertex -2.286386e-01  1.005963e-01  9.841270e-01
     vertex -2.286386e-01  1.005963e-01  4.444444e-01
     vertex -2.057434e-01  1.206749e-01  9.841270e-01
   endloop
 endfacet
 facet normal  7.518398e-01 -6.593458e-01  0.000000e+00
   outer loop
     vertex -2.487172e-01  7.770111e-02  9.841270e-01
     vertex -2.487172e-01  7.770111e-02  4.444444e-01
     vertex -2.286386e-01  1.005963e-01  4.444444e-01
   endloop
 endfacet
 facet normal  7.518398e-01 -6.593458e-01  0.000000e+00
   outer loop
     vertex -2.487172e-01  7.770111e-02  9.841270e-01
     vertex -2.286386e-01  1.005963e-01  4.444444e-01
     vertex -2.286386e-01  1.005963e-01  9.841270e-01
   endloop
 endfacet
 facet normal  8.314696e-01 -5.555702e-01  0.000000e+00
   outer loop
     vertex -2.656355e-01  5.238099e-02  9.841270e-01
     vertex -2.656355e-01  5.238099e-02  4.444444e-01
     vertex -2.487172e-01  7.770111e-02  4.444444e-01
   endloop
 endfacet
 facet normal  8.314696e-01 -5.555702e-01  0.000000e+00
   outer loop
     vertex -2.656355e-01  5.238099e-02  9.841270e-01
     vertex -2.487172e-01  7.770111e-02  4.444444e-01
     vertex -2.487172e-01  7.770111e-02  9.841270e-01
   endloop
 endfacet
 facet normal  8.968727e-01 -4.422887e-01  0.000000e+00
   outer loop
     vertex -2.791042e-01  2.506919e-02  9.841270e-01
     vertex -2.791042e-01  2.506919e-02  4.444444e-01
     vertex -2.656355e-01  5.238099e-02  4.444444e-01
   endloop
 endfacet
 facet normal  8.968727e-01 -4.422887e-01  0.000000e+00
   outer loop
     vertex -2.791042e-01  2.506919e-02  9.841270e-01
     vertex -2.656355e-01  5.238099e-02  4.444444e-01
     vertex -2.656355e-01  5.238099e-02  9.841270e-01
   endloop
 endfacet
 facet normal  9.469301e-01 -3.214395e-01  0.000000e+00
   outer loop
     vertex -2.888928e-01 -3.766960e-03  9.841270e-01
     vertex -2.888928e-01 -3.766960e-03  4.444444e-01
     vertex -2.791042e-01  2.506919e-02  4.444444e-01
   endloop
 endfacet
 facet normal  9.469301e-01 -3.214395e-01  0.000000e+00
   outer loop
     vertex -2.888928e-01 -3.766960e-03  9.841270e-01
     vertex -2.791042e-01  2.506919e-02  4.444444e-01
     vertex -2.791042e-01  2.506919e-02  9.841270e-01
   endloop
 endfacet
 facet normal  9.807853e-01 -1.950903e-01  0.000000e+00
   outer loop
     vertex -2.948337e-01 -3.363408e-02  9.841270e-01
     vertex -2.948337e-01 -3.363408e-02  4.444444e-01
     vertex -2.888928e-01 -3.766960e-03  4.444444e-01
   endloop
 endfacet
 facet normal  9.807853e-01 -1.950903e-01  0.000000e+00
   outer loop
     vertex -2.948337e-01 -3.363408e-02  9.841270e-01
     vertex -2.888928e-01 -3.766960e-03  4.444444e-01
     vertex -2.888928e-01 -3.766960e-03  9.841270e-01
   endloop
 endfacet
 facet normal  9.978589e-01 -6.540313e-02  0.000000e+00
   outer loop
     vertex -2.968254e-01 -6.402113e-02  9.841270e-01
     vertex -2.968254e-01 -6.402113e-02  4.444444e-01
     vertex -2.948337e-01 -3.363408e-02  4.444444e-01
   endloop
 endfacet
 facet normal  9.978589e-01 -6.540313e-02  0.000000e+00
   outer loop
     vertex -2.968254e-01 -6.402113e-02  9.841270e-01
     vertex -2.948337e-01 -3.363408e-02  4.444444e-01
     vertex -2.948337e-01 -3.363408e-02  9.841270e-01
   endloop
 endfacet
 facet normal  9.978589e-01  6.540313e-02  0.000000e+00
   outer loop
     vertex -2.948337e-01 -9.440818e-02  9.841270e-01
     vertex -2.948337e-01 -9.440818e-02  4.444444e-01
     vertex -2.968254e-01 -6.402113e-02  4.444444e-01
   endloop
 endfacet
 facet normal  9.978589e-01  6.540313e-02  0.000000e+00
   outer loop
     vertex -2.948337e-01 -9.440818e-02  9.841270e-01
     vertex -2.968254e-01 -6.402113e-02  4.444444e-01
     vertex -2.968254e-01 -6.402113e-02  9.841270e-01
   endloop
 endfacet
 facet normal  9.807853e-01  1.950903e-01  0.000000e+00
   outer loop
     vertex -2.888928e-01 -1.242753e-01  9.841270e-01
     vertex -2.948337e-01 -9.440818e-02  4.444444e-01
     vertex -2.948337e-01 -9.440818e-02  9.841270e-01
   endloop
 endfacet
 facet normal  9.807853e-01  1.950903e-01  0.000000e+00
   outer loop
     vertex -2.888928e-01 -1.242753e-01  9.841270e-01
     vertex -2.888928e-01 -1.242753e-01  4.444444e-01
     vertex -2.948337e-01 -9.440818e-02  4.444444e-01
   endloop
 endfacet
 facet normal  9.469301e-01  3.214395e-01  0.000000e+00
   outer loop
     vertex -2.791042e-01 -1.531115e-01  9.841270e-01
     vertex -2.888928e-01 -1.242753e-01  4.444444e-01
     vertex -2.888928e-01 -1.242753e-01  9.841270e-01
   endloop
 endfacet
 facet normal  9.469301e-01  3.214395e-01  0.000000e+00
   outer loop
     vertex -2.791042e-01 -1.531115e-01  9.841270e-01
     vertex -2.791042e-01 -1.531115e-01  4.444444e-01
     vertex -2.888928e-01 -1.242753e-01  4.444444e-01
   endloop
 endfacet
 facet normal  8.968727e-01  4.422887e-01  0.000000e+00
   outer loop
     vertex -2.656355e-01 -1.804232e-01  9.841270e-01
     vertex -2.791042e-01 -1.531115e-01  4.444444e-01
     vertex -2.791042e-01 -1.531115e-01  9.841270e-01
   endloop
 endfacet
 facet normal  8.968727e-01  4.422887e-01  0.000000e+00
   outer loop
     vertex -2.656355e-01 -1.804232e-01  9.841270e-01
     vertex -2.656355e-01 -1.804232e-01  4.444444e-01
     vertex -2.791042e-01 -1.531115e-01  4.444444e-01
   endloop
 endfacet
 facet normal  8.314696e-01  5.555702e-01  0.000000e+00
   outer loop
     vertex -2.487172e-01 -2.057434e-01  9.841270e-01
     vertex -2.656355e-01 -1.804232e-01  4.444444e-01
     vertex -2.656355e-01 -1.804232e-01  9.841270e-01
   endloop
 endfacet
 facet normal  8.314696e-01  5.555702e-01  0.000000e+00
   outer loop
     vertex -2.487172e-01 -2.057434e-01  9.841270e-01
     vertex -2.487172e-01 -2.057434e-01  4.444444e-01
     vertex -2.656355e-01 -1.804232e-01  4.444444e-01
   endloop
 endfacet
 facet normal  7.518398e-01  6.593458e-01  0.000000e+00
   outer loop
     vertex -2.286386e-01 -2.286386e-01  9.841270e-01
     vertex -2.487172e-01 -2.057434e-01  4.444444e-01
     vertex -2.487172e-01 -2.057434e-01  9.841270e-01
   endloop
 endfacet
 facet normal  7.518398e-01  6.593458e-01  0.000000e+00
   outer loop
     vertex -2.286386e-01 -2.286386e-01  9.841270e-01
     vertex -2.286386e-01 -2.286386e-01  4.444444e-01
     vertex -2.487172e-01 -2.057434e-01  4.444444e-01
   endloop
 endfacet
 facet normal  6.593458e-01  7.518398e-01  0.000000e+00
   outer loop
     vertex -2.286386e-01 -2.286386e-01  9.841270e-01
     vertex -2.057434e-01 -2.487172e-01  4.444444e-01
     vertex -2.286386e-01 -2.286386e-01  4.444444e-01
   endloop
 endfacet
 facet normal  6.593458e-01  7.518398e-01  0.000000e+00
   outer loop
     vertex -2.057434e-01 -2.487172e-01  9.841270e-01
     vertex -2.057434e-01 -2.487172e-01  4.444444e-01
     vertex -2.286386e-01 -2.286386e-01  9.841270e-01
   endloop
 endfacet
 facet normal  5.555702e-01  8.314696e-01  0.000000e+00
   outer loop
     vertex -1.804232e-01 -2.656355e-01  9.841270e-01
     vertex -2.057434e-01 -2.487172e-01  4.444444e-01
     vertex -2.057434e-01 -2.487172e-01  9.841270e-01
   endloop
 endfacet
 facet normal  5.555702e-01  8.314696e-01  0.000000e+00
   outer loop
     vertex -1.804232e-01 -2.656355e-01  9.841270e-01
     vertex -1.804232e-01 -2.656355e-01  4.444444e-01
     vertex -2.057434e-01 -2.487172e-01  4.444444e-01
   endloop
 endfacet
 facet normal  4.422887e-01  8.968727e-01  0.000000e+00
   outer loop
     vertex -1.531115e-01 -2.791042e-01  9.841270e-01
     vertex -1.804232e-01 -2.656355e-01  4.444444e-01
     vertex -1.804232e-01 -2.656355e-01  9.841270e-01
   endloop
 endfacet
 facet normal  4.422887e-01  8.968727e-01  0.000000e+00
   outer loop
     vertex -1.531115e-01 -2.791042e-01  9.841270e-01
     vertex -1.531115e-01 -2.791042e-01  4.444444e-01
     vertex -1.804232e-01 -2.656355e-01  4.444444e-01
   endloop
 endfacet
 facet normal  3.214395e-01  9.469301e-01  0.000000e+00
   outer loop
     vertex -1.531115e-01 -2.791042e-01  9.841270e-01
     vertex -1.242753e-01 -2.888928e-01  4.444444e-01
     vertex -1.531115e-01 -2.791042e-01  4.444444e-01
   endloop
 endfacet
 facet normal  3.214395e-01  9.469301e-01  0.000000e+00
   outer loop
     vertex -1.242753e-01 -2.888928e-01  9.841270e-01
     vertex -1.242753e-01 -2.888928e-01  4.444444e-01
     vertex -1.531115e-01 -2.791042e-01  9.841270e-01
   endloop
 endfacet
 facet normal  1.950903e-01  9.807853e-01  0.000000e+00
   outer loop
     vertex -1.242753e-01 -2.888928e-01  9.841270e-01
     vertex -9.440818e-02 -2.948337e-01  4.444444e-01
     vertex -1.242753e-01 -2.888928e-01  4.444444e-01
   endloop
 endfacet
 facet normal  1.950903e-01  9.807853e-01  0.000000e+00
   outer loop
     vertex -9.440818e-02 -2.948337e-01  9.841270e-01
     vertex -9.440818e-02 -2.948337e-01  4.444444e-01
     vertex -1.242753e-01 -2.888928e-01  9.841270e-01
   endloop
 endfacet
 facet normal  6.540313e-02  9.978589e-01  0.000000e+00
   outer loop
     vertex -6.402113e-02 -2.968254e-01  9.841270e-01
     vertex -9.440818e-02 -2.948337e-01  4.444444e-01
     vertex -9.440818e-02 -2.948337e-01  9.841270e-01
   endloop
 endfacet
 facet normal  6.540313e-02  9.978589e-01  0.000000e+00
   outer loop
     vertex -6.402113e-02 -2.968254e-01  9.841270e-01
     vertex -6.402113e-02 -2.968254e-01  4.444444e-01
     vertex -9.440818e-02 -2.948337e-01  4.444444e-01
   endloop
 endfacet
 facet normal -6.540313e-02  9.978589e-01  0.000000e+00
   outer loop
     vertex -6.402113e-02 -2.968254e-01  9.841270e-01
     vertex -3.363408e-02 -2.948337e-01  4.444444e-01
     vertex -6.402113e-02 -2.968254e-01  4.444444e-01
   endloop
 endfacet
 facet normal -6.540313e-02  9.978589e-01  0.000000e+00
   outer loop
     vertex -3.363408e-02 -2.948337e-01  9.841270e-01
     vertex -3.363408e-02 -2.948337e-01  4.444444e-01
     vertex -6.402113e-02 -2.968254e-01  9.841270e-01
   endloop
 endfacet
 facet normal -1.950903e-01  9.807853e-01  0.000000e+00
   outer loop
     vertex -3.766960e-03 -2.888928e-01  9.841270e-01
     vertex -3.363408e-02 -2.948337e-01  4.444444e-01
     vertex -3.363408e-02 -2.948337e-01  9.841270e-01
   endloop
 endfacet
 facet normal -1.950903e-01  9.807853e-01  0.000000e+00
   outer loop
     vertex -3.766960e-03 -2.888928e-01  9.841270e-01
     vertex -3.766960e-03 -2.888928e-01  4.444444e-01
     vertex -3.363408e-02 -2.948337e-01  4.444444e-01
   endloop
 endfacet
 facet normal -3.214395e-01  9.469301e-01  0.000000e+00
   outer loop
     vertex  2.506919e-02 -2.791042e-01  9.841270e-01
     vertex -3.766960e-03 -2.888928e-01  4.444444e-01
     vertex -3.766960e-03 -2.888928e-01  9.841270e-01
   endloop
 endfacet
 facet normal -3.214395e-01  9.469301e-01  0.000000e+00
   outer loop
     vertex  2.506919e-02 -2.791042e-01  9.841270e-01
     vertex  2.506919e-02 -2.791042e-01  4.444444e-01
     vertex -3.766960e-03 -2.888928e-01  4.444444e-01
   endloop
 endfacet
 facet normal -4.422887e-01  8.968727e-01  0.000000e+00
   outer loop
     vertex  5.238099e-02 -2.656355e-01  9.841270e-01
     vertex  2.506919e-02 -2.791042e-01  4.444444e-01
     vertex  2.506919e-02 -2.791042e-01  9.841270e-01
   endloop
 endfacet
 facet normal -4.422887e-01  8.968727e-01  0.000000e+00
   outer loop
     vertex  5.238099e-02 -2.656355e-01  9.841270e-01
     vertex  5.238099e-02 -2.656355e-01  4.444444e-01
     vertex  2.506919e-02 -2.791042e-01  4.444444e-01
   endloop
 endfacet
 facet normal -5.555702e-01  8.314696e-01  0.000000e+00
   outer loop
     vertex  7.770111e-02 -2.487172e-01  9.841270e-01
     vertex  5.238099e-02 -2.656355e-01  4.444444e-01
     vertex  5.238099e-02 -2.656355e-01  9.841270e-01
   endloop
 endfacet
 facet normal -5.555702e-01  8.314696e-01  0.000000e+00
   outer loop
     vertex  7.770111e-02 -2.487172e-01  9.841270e-01
     vertex  7.770111e-02 -2.487172e-01  4.444444e-01
     vertex  5.238099e-02 -2.656355e-01  4.444444e-01
   endloop
 endfacet
 facet normal -6.593458e-01  7.518398e-01  0.000000e+00
   outer loop
     vertex  1.005963e-01 -2.286386e-01  9.841270e-01
     vertex  7.770111e-02 -2.487172e-01  4.444444e-01
     vertex  7.770111e-02 -2.487172e-01  9.841270e-01
   endloop
 endfacet
 facet normal -6.593458e-01  7.518398e-01  0.000000e+00
   outer loop
     vertex  1.005963e-01 -2.286386e-01  9.841270e-01
     vertex  1.005963e-01 -2.286386e-01  4.444444e-01
     vertex  7.770111e-02 -2.487172e-01  4.444444e-01
   endloop
 endfacet
 facet normal -7.518398e-01  6.593458e-01  0.000000e+00
   outer loop
     vertex  1.206749e-01 -2.057434e-01  9.841270e-01
     vertex  1.005963e-01 -2.286386e-01  4.444444e-01
     vertex  1.005963e-01 -2.286386e-01  9.841270e-01
   endloop
 endfacet
 facet normal -7.518398e-01  6.593458e-01  0.000000e+00
   outer loop
     vertex  1.206749e-01 -2.057434e-01  9.841270e-01
     vertex  1.206749e-01 -2.057434e-01  4.444444e-01
     vertex  1.005963e-01 -2.286386e-01  4.444444e-01
   endloop
 endfacet
 facet normal -8.314696e-01  5.555702e-01  0.000000e+00
   outer loop
     vertex  1.375933e-01 -1.804232e-01  9.841270e-01
     vertex  1.206749e-01 -2.057434e-01  4.444444e-01
     vertex  1.206749e-01 -2.057434e-01  9.841270e-01
   endloop
 endfacet
 facet normal -8.314696e-01  5.555702e-01  0.000000e+00
   outer loop
     vertex  1.375933e-01 -1.804232e-01  9.841270e-01
     vertex  1.375933e-01 -1.804232e-01  4.444444e-01
     vertex  1.206749e-01 -2.057434e-01  4.444444e-01
   endloop
 endfacet
 facet normal -8.968727e-01  4.422887e-01  0.000000e+00
   outer loop
     vertex  1.510619e-01 -1.531115e-01  9.841270e-01
     vertex  1.375933e-01 -1.804232e-01  4.444444e-01
     vertex  1.375933e-01 -1.804232e-01  9.841270e-01
   endloop
 endfacet
 facet normal -8.968727e-01  4.422887e-01  0.000000e+00
   outer loop
     vertex  1.510619e-01 -1.531115e-01  9.841270e-01
     vertex  1.510619e-01 -1.531115e-01  4.444444e-01
     vertex  1.375933e-01 -1.804232e-01  4.444444e-01
   endloop
 endfacet
