solid 
 facet normal -0.000000e+00 -1.000000e+00  0.000000e+00
   outer loop
     vertex  9.194005e-01 -3.650802e-02  1.587302e-01
     vertex -3.650802e-02 -3.650802e-02  1.587302e-01
     vertex -3.650802e-02 -3.650802e-02 -1.587302e-02
   endloop
 endfacet
 facet normal  0.000000e+00 -1.000000e+00  0.000000e+00
   outer loop
     vertex  9.257495e-01 -3.650802e-02 -1.587302e-02
     vertex  9.257495e-01 -3.650802e-02  1.587302e-01
     vertex  9.194005e-01 -3.650802e-02  1.587302e-01
   endloop
 endfacet
 facet normal  0.000000e+00 -1.000000e+00  0.000000e+00
   outer loop
     vertex  9.257495e-01 -3.650802e-02 -1.587302e-02
     vertex  9.194005e-01 -3.650802e-02  1.587302e-01
     vertex -3.650802e-02 -3.650802e-02 -1.587302e-02
   endloop
 endfacet
 facet normal -1.000000e+00  3.278688e-15  0.000000e+00
   outer loop
     vertex -3.650802e-02  9.257495e-01 -1.587302e-02
     vertex -3.650802e-02  9.194005e-01  1.587302e-01
     vertex -3.650802e-02  9.257495e-01  1.587302e-01
   endloop
 endfacet
 facet normal -1.000000e+00 -2.177686e-17  0.000000e+00
   outer loop
     vertex -3.650802e-02 -3.650802e-02 -1.587302e-02
     vertex -3.650802e-02 -3.650802e-02  1.587302e-01
     vertex -3.650802e-02  9.194005e-01  1.587302e-01
   endloop
 endfacet
 facet normal -1.000000e+00  0.000000e+00 -1.192228e-16
   outer loop
     vertex -3.650802e-02 -3.650802e-02 -1.587302e-02
     vertex -3.650802e-02  9.194005e-01  1.587302e-01
     vertex -3.650802e-02  9.257495e-01 -1.587302e-02
   endloop
 endfacet
 facet normal  1.000000e+00  0.000000e+00  0.000000e+00
   outer loop
     vertex  9.257495e-01  9.257495e-01 -1.587302e-02
     vertex  9.257495e-01 -3.650802e-02  1.587302e-01
     vertex  9.257495e-01 -3.650802e-02 -1.587302e-02
   endloop
 endfacet
 facet normal  1.000000e+00  0.000000e+00 -0.000000e+00
   outer loop
     vertex  9.257495e-01  9.257495e-01 -1.587302e-02
     vertex  9.257495e-01  9.257495e-01  1.587302e-01
     vertex  9.257495e-01 -3.650802e-02  1.587302e-01
   endloop
 endfacet
 facet normal -0.000000e+00 -1.000000e+00  0.000000e+00
   outer loop
     vertex  9.257495e-01 -3.650802e-02 -1.587302e-02
     vertex -3.650802e-02 -3.650802e-02 -1.587302e-02
     vertex -3.650802e-02 -3.650802e-02 -3.174603e-02
   endloop
 endfacet
 facet normal  0.000000e+00 -1.000000e+00 -0.000000e+00
   outer loop
     vertex  9.257495e-01 -3.650802e-02 -1.587302e-02
     vertex -3.650802e-02 -3.650802e-02 -3.174603e-02
     vertex  9.257495e-01 -3.650802e-02 -3.174603e-02
   endloop
 endfacet
 facet normal  0.000000e+00  0.000000e+00 -1.000000e+00
   outer loop
     vertex -4.285711e-02  9.194005e-01  1.587302e-01
     vertex -3.650802e-02 -3.650802e-02  1.587302e-01
     vertex -4.285711e-02 -4.285711e-02  1.587302e-01
   endloop
 endfacet
 facet normal  0.000000e+00  0.000000e+00 -1.000000e+00
   outer loop
     vertex  9.194005e-01 -4.285711e-02  1.587302e-01
     vertex -4.285711e-02 -4.285711e-02  1.587302e-01
     vertex -3.650802e-02 -3.650802e-02  1.587302e-01
   endloop
 endfacet
 facet normal -0.000000e+00 -0.000000e+00 -1.000000e+00
   outer loop
     vertex  9.194005e-01 -3.650802e-02  1.587302e-01
     vertex  9.194005e-01 -4.285711e-02  1.587302e-01
     vertex -3.650802e-02 -3.650802e-02  1.587302e-01
   endloop
 endfacet
 facet normal -0.000000e+00 -0.000000e+00 -1.000000e+00
   outer loop
     vertex -3.650802e-02  9.194005e-01  1.587302e-01
     vertex -3.650802e-02 -3.650802e-02  1.587302e-01
     vertex -4.285711e-02  9.194005e-01  1.587302e-01
   endloop
 endfacet
 facet normal  0.000000e+00  0.000000e+00  1.000000e+00
   outer loop
     vertex  9.194005e-01  9.194005e-01  1.587302e-01
     vertex  9.194005e-01 -3.650802e-02  1.587302e-01
     vertex  9.257495e-01 -3.650802e-02  1.587302e-01
   endloop
 endfacet
 facet normal  0.000000e+00  0.000000e+00  1.000000e+00
   outer loop
     vertex  9.194005e-01  9.194005e-01  1.587302e-01
     vertex -3.650802e-02  9.257495e-01  1.587302e-01
     vertex -3.650802e-02  9.194005e-01  1.587302e-01
   endloop
 endfacet
 facet normal  0.000000e+00  0.000000e+00  1.000000e+00
   outer loop
     vertex  9.257495e-01  9.257495e-01  1.587302e-01
     vertex  9.194005e-01  9.194005e-01  1.587302e-01
     vertex  9.257495e-01 -3.650802e-02  1.587302e-01
   endloop
 endfacet
 facet normal  0.000000e+00  0.000000e+00  1.000000e+00
   outer loop
     vertex  9.257495e-01  9.257495e-01  1.587302e-01
     vertex -3.650802e-02  9.257495e-01  1.587302e-01
     vertex  9.194005e-01  9.194005e-01  1.587302e-01
   endloop
 endfacet
 facet normal  0.000000e+00  1.000000e+00  0.000000e+00
   outer loop
     vertex -3.650802e-02  9.257495e-01 -1.587302e-02
     vertex  9.257495e-01  9.257495e-01  1.587302e-01
     vertex  9.257495e-01  9.257495e-01 -1.587302e-02
   endloop
 endfacet
 facet normal  0.000000e+00  1.000000e+00  0.000000e+00
   outer loop
     vertex -3.650802e-02  9.257495e-01 -1.587302e-02
     vertex -3.650802e-02  9.257495e-01  1.587302e-01
     vertex  9.257495e-01  9.257495e-01  1.587302e-01
   endloop
 endfacet
 facet normal -1.000000e+00  0.000000e+00  0.000000e+00
   outer loop
     vertex -3.650802e-02 -3.650802e-02 -1.587302e-02
     vertex -3.650802e-02  9.257495e-01 -1.587302e-02
     vertex -3.650802e-02  9.257495e-01 -3.174603e-02
   endloop
 endfacet
 facet normal -1.000000e+00  0.000000e+00  0.000000e+00
   outer loop
     vertex -3.650802e-02 -3.650802e-02 -1.587302e-02
     vertex -3.650802e-02  9.257495e-01 -3.174603e-02
     vertex -3.650802e-02 -3.650802e-02 -3.174603e-02
   endloop
 endfacet
 facet normal  1.000000e+00  0.000000e+00  0.000000e+00
   outer loop
     vertex  9.257495e-01  9.257495e-01 -1.587302e-02
     vertex  9.257495e-01 -3.650802e-02 -1.587302e-02
     vertex  9.257495e-01 -3.650802e-02 -3.174603e-02
   endloop
 endfacet
 facet normal  1.000000e+00  0.000000e+00  0.000000e+00
   outer loop
     vertex  9.257495e-01  9.257495e-01 -1.587302e-02
     vertex  9.257495e-01 -3.650802e-02 -3.174603e-02
     vertex  9.257495e-01  9.257495e-01 -3.174603e-02
   endloop
 endfacet
 facet normal  0.000000e+00 -0.000000e+00 -1.000000e+00
   outer loop
     vertex  9.257495e-01  9.257495e-01 -3.174603e-02
     vertex  9.257495e-01 -3.650802e-02 -3.174603e-02
     vertex -3.650802e-02 -3.650802e-02 -3.174603e-02
   endloop
 endfacet
 facet normal -0.000000e+00  0.000000e+00 -1.000000e+00
   outer loop
     vertex  9.257495e-01  9.257495e-01 -3.174603e-02
     vertex -3.650802e-02 -3.650802e-02 -3.174603e-02
     vertex -3.650802e-02  9.257495e-01 -3.174603e-02
   endloop
 endfacet
 facet normal -1.000000e+00  0.000000e+00  0.000000e+00
   outer loop
     vertex -4.285711e-02 -4.285711e-02  1.746032e-01
     vertex -4.285711e-02  9.194005e-01  1.746032e-01
     vertex -4.285711e-02  9.194005e-01  1.587302e-01
   endloop
 endfacet
 facet normal -1.000000e+00  0.000000e+00  0.000000e+00
   outer loop
     vertex -4.285711e-02 -4.285711e-02  1.746032e-01
     vertex -4.285711e-02  9.194005e-01  1.587302e-01
     vertex -4.285711e-02 -4.285711e-02  1.587302e-01
   endloop
 endfacet
 facet normal  0.000000e+00  1.000000e+00  0.000000e+00
   outer loop
     vertex -3.650802e-02  9.194005e-01  1.587302e-01
     vertex  9.194005e-01  9.194005e-01  1.746032e-01
     vertex  9.194005e-01  9.194005e-01  1.587302e-01
   endloop
 endfacet
 facet normal  0.000000e+00  1.000000e+00  0.000000e+00
   outer loop
     vertex -4.285711e-02  9.194005e-01  1.746032e-01
     vertex -3.650802e-02  9.194005e-01  1.587302e-01
     vertex -4.285711e-02  9.194005e-01  1.587302e-01
   endloop
 endfacet
 facet normal -0.000000e+00  1.000000e+00  0.000000e+00
   outer loop
     vertex -4.285711e-02  9.194005e-01  1.746032e-01
     vertex  9.194005e-01  9.194005e-01  1.746032e-01
     vertex -3.650802e-02  9.194005e-01  1.587302e-01
   endloop
 endfacet
 facet normal  1.000000e+00  0.000000e+00  0.000000e+00
   outer loop
     vertex  9.194005e-01 -4.285711e-02  1.746032e-01
     vertex  9.194005e-01 -4.285711e-02  1.587302e-01
     vertex  9.194005e-01 -3.650802e-02  1.587302e-01
   endloop
 endfacet
 facet normal  1.000000e+00  0.000000e+00  0.000000e+00
   outer loop
     vertex  9.194005e-01  9.194005e-01  1.746032e-01
     vertex  9.194005e-01 -3.650802e-02  1.587302e-01
     vertex  9.194005e-01  9.194005e-01  1.587302e-01
   endloop
 endfacet
 facet normal  1.000000e+00  0.000000e+00  0.000000e+00
   outer loop
     vertex  9.194005e-01  9.194005e-01  1.746032e-01
     vertex  9.194005e-01 -4.285711e-02  1.746032e-01
     vertex  9.194005e-01 -3.650802e-02  1.587302e-01
   endloop
 endfacet
 facet normal -0.000000e+00 -1.000000e+00  0.000000e+00
   outer loop
     vertex  9.194005e-01 -4.285711e-02  1.746032e-01
     vertex -4.285711e-02 -4.285711e-02  1.746032e-01
     vertex -4.285711e-02 -4.285711e-02  1.587302e-01
   endloop
 endfacet
 facet normal  0.000000e+00 -1.000000e+00 -0.000000e+00
   outer loop
     vertex  9.194005e-01 -4.285711e-02  1.746032e-01
     vertex -4.285711e-02 -4.285711e-02  1.587302e-01
     vertex  9.194005e-01 -4.285711e-02  1.587302e-01
   endloop
 endfacet
 facet normal -0.000000e+00  1.000000e+00  0.000000e+00
   outer loop
     vertex -3.650802e-02  9.257495e-01 -1.587302e-02
     vertex  9.257495e-01  9.257495e-01 -1.587302e-02
     vertex  9.257495e-01  9.257495e-01 -3.174603e-02
   endloop
 endfacet
 facet normal  0.000000e+00  1.000000e+00  0.000000e+00
   outer loop
     vertex -3.650802e-02  9.257495e-01 -1.587302e-02
     vertex  9.257495e-01  9.257495e-01 -3.174603e-02
     vertex -3.650802e-02  9.257495e-01 -3.174603e-02
   endloop
 endfacet
 facet normal -1.000000e+00  0.000000e+00  0.000000e+00
   outer loop
     vertex -4.285711e-02 -4.285711e-02  1.746032e-01
     vertex -4.285711e-02  9.194005e-01  7.619048e-01
     vertex -4.285711e-02  9.194005e-01  1.746032e-01
   endloop
 endfacet
 facet normal -1.000000e+00  0.000000e+00  0.000000e+00
   outer loop
     vertex -4.285711e-02 -4.285711e-02  1.746032e-01
     vertex -4.285711e-02 -4.285711e-02  7.619048e-01
     vertex -4.285711e-02  9.194005e-01  7.619048e-01
   endloop
 endfacet
 facet normal  0.000000e+00  1.000000e+00  0.000000e+00
   outer loop
     vertex -4.285711e-02  9.194005e-01  1.746032e-01
     vertex  9.194005e-01  9.194005e-01  7.619048e-01
     vertex  9.194005e-01  9.194005e-01  1.746032e-01
   endloop
 endfacet
 facet normal  0.000000e+00  1.000000e+00  0.000000e+00
   outer loop
     vertex -4.285711e-02  9.194005e-01  1.746032e-01
     vertex -4.285711e-02  9.194005e-01  7.619048e-01
     vertex  9.194005e-01  9.194005e-01  7.619048e-01
   endloop
 endfacet
 facet normal  1.000000e+00  0.000000e+00  0.000000e+00
   outer loop
     vertex  9.194005e-01  9.194005e-01  1.746032e-01
     vertex  9.194005e-01 -4.285711e-02  7.619048e-01
     vertex  9.194005e-01 -4.285711e-02  1.746032e-01
   endloop
 endfacet
 facet normal  1.000000e+00  0.000000e+00 -0.000000e+00
   outer loop
     vertex  9.194005e-01  9.194005e-01  1.746032e-01
     vertex  9.194005e-01  9.194005e-01  7.619048e-01
     vertex  9.194005e-01 -4.285711e-02  7.619048e-01
   endloop
 endfacet
 facet normal  0.000000e+00 -1.000000e+00  0.000000e+00
   outer loop
     vertex  9.194005e-01 -4.285711e-02  1.746032e-01
     vertex -4.285711e-02 -4.285711e-02  7.619048e-01
     vertex -4.285711e-02 -4.285711e-02  1.746032e-01
   endloop
 endfacet
 facet normal  0.000000e+00 -1.000000e+00  0.000000e+00
   outer loop
     vertex  9.194005e-01 -4.285711e-02  1.746032e-01
     vertex  9.194005e-01 -4.285711e-02  7.619048e-01
     vertex -4.285711e-02 -4.285711e-02  7.619048e-01
   endloop
 endfacet
 facet normal  0.000000e+00  0.000000e+00  1.000000e+00
   outer loop
     vertex  6.788361e-01  1.758378e-01  7.619048e-01
     vertex  1.758378e-01  1.758378e-01  7.619048e-01
     vertex -4.285711e-02 -4.285711e-02  7.619048e-01
   endloop
 endfacet
 facet normal  0.000000e+00  0.000000e+00  1.000000e+00
   outer loop
     vertex  1.758378e-01  6.788361e-01  7.619048e-01
     vertex -4.285711e-02 -4.285711e-02  7.619048e-01
     vertex  1.758378e-01  1.758378e-01  7.619048e-01
   endloop
 endfacet
 facet normal  0.000000e+00  0.000000e+00  1.000000e+00
   outer loop
     vertex  9.194005e-01 -4.285711e-02  7.619048e-01
     vertex  6.788361e-01  1.758378e-01  7.619048e-01
     vertex -4.285711e-02 -4.285711e-02  7.619048e-01
   endloop
 endfacet
 facet normal  0.000000e+00  0.000000e+00  1.000000e+00
   outer loop
     vertex -4.285711e-02  9.194005e-01  7.619048e-01
     vertex -4.285711e-02 -4.285711e-02  7.619048e-01
     vertex  1.758378e-01  6.788361e-01  7.619048e-01
   endloop
 endfacet
 facet normal  0.000000e+00  0.000000e+00  1.000000e+00
   outer loop
     vertex  6.788361e-01  6.788361e-01  7.619048e-01
     vertex  6.788361e-01  1.758378e-01  7.619048e-01
     vertex  9.194005e-01 -4.285711e-02  7.619048e-01
   endloop
 endfacet
 facet normal  0.000000e+00  0.000000e+00  1.000000e+00
   outer loop
     vertex  6.788361e-01  6.788361e-01  7.619048e-01
     vertex -4.285711e-02  9.194005e-01  7.619048e-01
     vertex  1.758378e-01  6.788361e-01  7.619048e-01
   endloop
 endfacet
 facet normal  0.000000e+00  0.000000e+00  1.000000e+00
   outer loop
     vertex  9.194005e-01  9.194005e-01  7.619048e-01
     vertex  6.788361e-01  6.788361e-01  7.619048e-01
     vertex  9.194005e-01 -4.285711e-02  7.619048e-01
   endloop
 endfacet
 facet normal  0.000000e+00  0.000000e+00  1.000000e+00
   outer loop
     vertex  9.194005e-01  9.194005e-01  7.619048e-01
     vertex -4.285711e-02  9.194005e-01  7.619048e-01
     vertex  6.788361e-01  6.788361e-01  7.619048e-01
   endloop
 endfacet
 facet normal  0.000000e+00  1.000000e+00  0.000000e+00
   outer loop
     vertex  6.788361e-01  1.758378e-01  1.746032e-01
     vertex  1.758378e-01  1.758378e-01  1.746032e-01
     vertex  1.758378e-01  1.758378e-01  7.619048e-01
   endloop
 endfacet
 facet normal  0.000000e+00  1.000000e+00 -0.000000e+00
   outer loop
     vertex  6.788361e-01  1.758378e-01  1.746032e-01
     vertex  1.758378e-01  1.758378e-01  7.619048e-01
     vertex  6.788361e-01  1.758378e-01  7.619048e-01
   endloop
 endfacet
 facet normal -1.000000e+00  0.000000e+00  0.000000e+00
   outer loop
     vertex  6.788361e-01  6.788361e-01  1.746032e-01
     vertex  6.788361e-01  1.758378e-01  1.746032e-01
     vertex  6.788361e-01  1.758378e-01  7.619048e-01
   endloop
 endfacet
 facet normal -1.000000e+00  0.000000e+00  0.000000e+00
   outer loop
     vertex  6.788361e-01  6.788361e-01  1.746032e-01
     vertex  6.788361e-01  1.758378e-01  7.619048e-01
     vertex  6.788361e-01  6.788361e-01  7.619048e-01
   endloop
 endfacet
 facet normal  0.000000e+00 -1.000000e+00  0.000000e+00
   outer loop
     vertex  1.758378e-01  6.788361e-01  1.746032e-01
     vertex  6.788361e-01  6.788361e-01  1.746032e-01
     vertex  6.788361e-01  6.788361e-01  7.619048e-01
   endloop
 endfacet
 facet normal  0.000000e+00 -1.000000e+00  0.000000e+00
   outer loop
     vertex  1.758378e-01  6.788361e-01  1.746032e-01
     vertex  6.788361e-01  6.788361e-01  7.619048e-01
     vertex  1.758378e-01  6.788361e-01  7.619048e-01
   endloop
 endfacet
 facet normal  1.000000e+00  0.000000e+00  0.000000e+00
   outer loop
     vertex  1.758378e-01  1.758378e-01  1.746032e-01
     vertex  1.758378e-01  6.788361e-01  1.746032e-01
     vertex  1.758378e-01  6.788361e-01  7.619048e-01
   endloop
 endfacet
 facet normal  1.000000e+00  0.000000e+00  0.000000e+00
   outer loop
     vertex  1.758378e-01  1.758378e-01  1.746032e-01
     vertex  1.758378e-01  6.788361e-01  7.619048e-01
     vertex  1.758378e-01  1.758378e-01  7.619048e-01
   endloop
 endfacet
 facet normal  0.000000e+00  1.000000e+00  0.000000e+00
   outer loop
     vertex  6.788361e-01  1.758378e-01  1.746032e-01
     vertex  1.758378e-01  1.758378e-01  1.587302e-01
     vertex  1.758378e-01  1.758378e-01  1.746032e-01
   endloop
 endfacet
 facet normal  0.000000e+00  1.000000e+00  0.000000e+00
   outer loop
     vertex  6.788361e-01  1.758378e-01  1.746032e-01
     vertex  6.788361e-01  1.758378e-01  1.587302e-01
     vertex  1.758378e-01  1.758378e-01  1.587302e-01
   endloop
 endfacet
 facet normal -1.000000e+00 -0.000000e+00  0.000000e+00
   outer loop
     vertex  6.788361e-01  6.788361e-01  1.746032e-01
     vertex  6.788361e-01  1.758378e-01  1.587302e-01
     vertex  6.788361e-01  1.758378e-01  1.746032e-01
   endloop
 endfacet
 facet normal -1.000000e+00  0.000000e+00 -0.000000e+00
   outer loop
     vertex  6.788361e-01  6.788361e-01  1.746032e-01
     vertex  6.788361e-01  6.788361e-01  1.587302e-01
     vertex  6.788361e-01  1.758378e-01  1.587302e-01
   endloop
 endfacet
 facet normal  0.000000e+00 -1.000000e+00  0.000000e+00
   outer loop
     vertex  1.758378e-01  6.788361e-01  1.746032e-01
     vertex  6.788361e-01  6.788361e-01  1.587302e-01
     vertex  6.788361e-01  6.788361e-01  1.746032e-01
   endloop
 endfacet
 facet normal  0.000000e+00 -1.000000e+00  0.000000e+00
   outer loop
     vertex  1.758378e-01  6.788361e-01  1.746032e-01
     vertex  1.758378e-01  6.788361e-01  1.587302e-01
     vertex  6.788361e-01  6.788361e-01  1.587302e-01
   endloop
 endfacet
 facet normal  1.000000e+00 -0.000000e+00  0.000000e+00
   outer loop
     vertex  1.758378e-01  1.758378e-01  1.746032e-01
     vertex  1.758378e-01  6.788361e-01  1.587302e-01
     vertex  1.758378e-01  6.788361e-01  1.746032e-01
   endloop
 endfacet
 facet normal  1.000000e+00  0.000000e+00  0.000000e+00
   outer loop
     vertex  1.758378e-01  1.758378e-01  1.746032e-01
     vertex  1.758378e-01  1.758378e-01  1.587302e-01
     vertex  1.758378e-01  6.788361e-01  1.587302e-01
   endloop
 endfacet
 facet normal  0.000000e+00  0.000000e+00  1.000000e+00
   outer loop
     vertex  6.788361e-01  6.788361e-01  1.587302e-01
     vertex  1.758378e-01  6.788361e-01  1.587302e-01
     vertex  1.758378e-01  1.758378e-01  1.587302e-01
   endloop
 endfacet
 facet normal  0.000000e+00  0.000000e+00  1.000000e+00
   outer loop
     vertex  6.788361e-01  6.788361e-01  1.587302e-01
     vertex  1.758378e-01  1.758378e-01  1.587302e-01
     vertex  6.788361e-01  1.758378e-01  1.587302e-01
   endloop
 endfacet
endsolid
